date,meanPAR,meanAirT,meanSedT,precip,meanLE,meanH,mean_ch4,year,monthday,totRain,amount,FilledPrecip
2017-01-01,16.332,1.6274632944444691,3.759385685694652,NA,12.140460325671297,-2.323469068972917,NaN,2017,2020-01-01,NA,NA,NA
2017-01-02,4.0734,5.468767584567503,4.201830857795349,0,1.7869530232491324,-4.035841938289641,NaN,2017,2020-01-02,NA,0.15,0
2017-01-03,2.7711,10.339173057659147,5.865545922749342,3.81,5.3593232339419155,-1.9823110719377643,NaN,2017,2020-01-03,NA,0.23,3.81
2017-01-03,2.7711,10.339173057659147,5.865545922749342,3.81,5.3593232339419155,-1.9823110719377643,NaN,2017,2020-01-03,NA,0.35,3.81
2017-01-04,13.4964,-0.6045032369481854,5.329156912736852,9.42,14.434355305601137,3.5243195400665805,NaN,2017,2020-01-04,NA,0,9.42
2017-01-05,5.7033,-7.469807456245295,4.120008805420563,0,16.53900852953591,5.783069037704731,NaN,2017,2020-01-05,NA,0.04,0
2017-01-06,12.0474,-13.229855155117894,3.0835961420066074,0,13.406108512474457,6.260097056226335,NaN,2017,2020-01-06,NA,0,0
2017-01-07,14.9994,-14.630182968427082,3.238148907603425,0,9.778729772459487,2.9659273791955068,NaN,2017,2020-01-07,NA,0,0
2017-01-08,15.2541,-11.397364176813873,3.01995676793733,0,9.778729772459487,2.9659273791955068,NaN,2017,2020-01-08,NA,0,0
2017-01-09,9.5193,-6.2869443177882465,2.6926685584381835,0,9.801972104247389,2.546762210692874,NaN,2017,2020-01-09,NA,0,0
2017-01-10,1.9242,3.6750443464881877,2.8017646282712323,1.83,9.83438881757397,2.4190173457785367,NaN,2017,2020-01-10,NA,0.01,1.83
2017-01-10,1.9242,3.6750443464881877,2.8017646282712323,1.83,9.83438881757397,2.4190173457785367,NaN,2017,2020-01-10,NA,0.18,1.83
2017-01-11,4.2903,4.608525294214587,2.274466957411496,13.92,7.856069418329328,0.26962605690141317,NaN,2017,2020-01-11,NA,0.21,13.92
2017-01-12,3.0771,14.31081177095973,3.0199567679373276,8.28,7.1168002538477175,-0.9346708719499192,NaN,2017,2020-01-12,NA,0.44,8.28
2017-01-13,7.7094000000000005,0.1394615015684586,4.365474962544922,8.28,12.186401863706452,1.6000077768349426,NaN,2017,2020-01-13,NA,0,8.28
2017-01-14,2.3508,0.17239103971720957,4.7654938852661,3.43,15.1004503023858,4.383923098525406,NaN,2017,2020-01-14,NA,0.27,3.43
2017-01-15,4.6161,0.1411036646275837,4.538210406447249,3.43,13.941768605989447,4.528123050601069,NaN,2017,2020-01-15,NA,0,3.43
2017-01-16,5.4657,2.9104892728082334,4.756402546113346,0.08,8.059432440041777,4.755408623104431,NaN,2017,2020-01-16,NA,0.25,0.08
2017-01-17,4.7898,10.755757593790252,5.838271905291079,4.45,5.367982973897084,-6.760598391252586,NaN,2017,2020-01-17,NA,0.19,4.45
2017-01-17,4.7898,10.755757593790252,5.838271905291079,4.45,5.367982973897084,-6.760598391252586,NaN,2017,2020-01-17,NA,0,4.45
2017-01-18,3.0105,4.296069964453274,5.701901817999769,3.4,8.980686857702876,-2.108492662215172,NaN,2017,2020-01-18,NA,0,3.4
2017-01-19,6.5745,4.381690315462644,5.7746325312218,0,9.931282975660425,-2.1375415139781877,NaN,2017,2020-01-19,NA,0.19,0
2017-01-20,7.1748,10.08841991360088,6.483756985136617,13.33,9.29158733209668,-2.2319074090833166,NaN,2017,2020-01-20,NA,0.71,13.33
2017-01-21,8.086500000000001,9.367338404188773,7.620174379230873,13.33,1.9225263220393403,-11.016376432330759,NaN,2017,2020-01-21,NA,0,13.33
2017-01-22,7.7949,9.144317523112504,8.292933476534666,0,8.209005889171136,-7.067898681270221,NaN,2017,2020-01-22,NA,0,0
2017-01-23,4.6359,9.298531756555631,8.25656811992365,0.48,11.75416136546496,-5.715863991516639,NaN,2017,2020-01-23,NA,0.06,0.48
2017-01-24,3.8853,5.28403644118361,7.711087770758412,0.58,11.183698986347853,-1.7897150706917375,NaN,2017,2020-01-24,NA,0,0.58
2017-01-24,3.8853,5.28403644118361,7.711087770758412,0.58,11.183698986347853,-1.7897150706917375,NaN,2017,2020-01-24,NA,0,0.58
2017-01-25,3.9114,5.657640297597461,6.5201223417476335,0.05,11.318728236355694,-3.378042180809397,NaN,2017,2020-01-25,NA,0,0.05
2017-01-26,3.4974,2.2372680169859804,6.51103100259488,0.1,10.561332680521835,-5.5677661806012315,NaN,2017,2020-01-26,NA,0.01,0.1
2017-01-27,5.9886,-0.71823242083331,5.656445122235998,0.1,9.55357148290191,-13.330598567134148,NaN,2017,2020-01-27,NA,0.04,0.1
2017-01-28,7.2081,-1.8672393604166413,4.856407276793641,0.05,16.900869648745875,-5.618384012162753,NaN,2017,2020-01-28,NA,0,0.05
2017-01-29,3.9843,-1.3709157576057258,4.447297014919708,0.03,17.763914760577066,-4.199569071888094,NaN,2017,2020-01-29,NA,0,0.03
2017-01-30,16.2963,-3.7362467096971854,3.810903274226926,0,18.8837984483242,-3.3178388432906454,0.0019,2017,2020-01-30,NA,0,0
2017-01-31,5.6493,3.0411330377991255,3.283605603367195,0,28.217535789798315,2.804801365107828,0.003337642857142857,2017,2020-01-31,NA,0,0
2017-01-31,5.6493,3.0411330377991255,3.283605603367195,0,28.217535789798315,2.804801365107828,0.003337642857142857,2017,2020-01-31,NA,0,0
2017-02-01,5.8869,3.394820468209751,4.001821396434759,0.1,22.328625470280137,-1.6745471185323648,0.00263,2017,2020-02-01,NA,0.02,0.1
2017-02-02,14.8743,-1.1493794550809575,3.9836387181292507,0.1,21.97377018291385,-1.0477040616706794,NaN,2017,2020-02-02,NA,0,0.1
2017-02-03,11.187,-4.626349076047312,3.601802473713583,0,22.449390433808443,0.02534428946389076,NaN,2017,2020-02-03,NA,0,0
2017-02-04,16.1856,-7.354229668221913,3.238148907603425,0,28.038404164629803,2.195540003714705,-0.00141504,2017,2020-02-04,NA,0,0
2017-02-05,18.3042,0.15712867087862628,3.565437117102568,0,29.075009542388365,1.6712981563181828,0.0010161818181818182,2017,2020-02-05,NA,0,0
2017-02-06,15.3828,0.6252386837128583,3.692715865241124,0,18.593648039558897,-6.40015472268798,0.0059008333333333335,2017,2020-02-06,NA,0.07,0
2017-02-07,4.4226,12.964686319658526,6.283747523776027,22.91,25.61508302943985,0.2450278068948585,0.0025995000000000002,2017,2020-02-07,NA,0.76,22.91
2017-02-07,4.4226,12.964686319658526,6.283747523776027,22.91,25.61508302943985,0.2450278068948585,0.0025995000000000002,2017,2020-02-07,NA,0,22.91
2017-02-08,4.4721,5.7143832914799395,7.3747082221065146,22.94,29.070966645006237,8.160096339865337,0.009035555555555555,2017,2020-02-08,NA,0.04,22.94
2017-02-09,17.3808,-5.908326739156938,5.510983695791933,0,26.316004916728268,1.5645024472198847,NaN,2017,2020-02-09,NA,0,0
2017-02-10,12.0474,-4.849400996141828,3.792720595921419,0,30.1959280346362,2.907740920301194,0.003574307692307692,2017,2020-02-10,NA,0,0
2017-02-11,14.6898,9.59185952727361,3.4927064038805375,0,13.878061562733675,-4.458160018302423,0.00293825,2017,2020-02-11,NA,0.01,0
2017-02-12,10.5084,9.95377464751242,6.474665645983863,7.26,13.507621557552792,-3.392738497541204,0.004586571428571429,2017,2020-02-12,NA,0.19,7.26
2017-02-13,20.1672,1.684425396262044,5.710993157152522,7.26,17.28945148537704,-2.408218928740104,NaN,2017,2020-02-13,NA,0,7.26
2017-02-14,17.0073,2.767613975000021,5.783723870374555,0,15.95436885609382,-5.344624479343173,0.00348585,2017,2020-02-14,NA,0,0
2017-02-14,17.0073,2.767613975000021,5.783723870374555,0,15.95436885609382,-5.344624479343173,0.00348585,2017,2020-02-14,NA,0,0
2017-02-15,18.0072,0.9173283895833547,5.810997887832817,0,19.26874084381127,-4.635086797155616,0.0103275,2017,2020-02-15,NA,0,0
2017-02-16,10.3221,-4.290711556249975,5.2473348603620655,0,14.32071778040097,-5.7523299343945276,0.0012265000000000002,2017,2020-02-16,NA,0,0
2017-02-17,21.3921,4.324774553536042,4.956412007473935,0,21.264942617845037,-2.8207695044556873,0.008636833333333333,2017,2020-02-17,NA,0,0
2017-02-18,16.5024,8.179051677083356,6.620127072427929,0,17.150752508862414,-4.510144857524079,0.0022351666666666666,2017,2020-02-18,NA,0,0
2017-02-19,9.9918,8.589881747916692,7.447438935328548,0,15.953911865282828,-5.308502781688951,0.00274616,2017,2020-02-19,NA,0,0
2017-02-20,16.6239,6.476411380109751,7.711087770758414,0,13.492167338704576,-2.897032986276924,0.0024903076923076923,2017,2020-02-20,NA,0,0
2017-02-21,7.2117000000000004,10.74044428125002,9.147519356893547,0,10.64239758193568,-8.752908733437303,0.017458737125,2017,2020-02-21,NA,0,0
2017-02-21,7.2117000000000004,10.74044428125002,9.147519356893547,0,10.64239758193568,-8.752908733437303,0.017458737125,2017,2020-02-21,NA,0.03,0
2017-02-22,5.5988999999999995,12.574349025678982,9.429350870628914,0.08,20.166375094793967,0.5770628896871203,0.010868888888888888,2017,2020-02-22,NA,0,0.08
2017-02-23,10.9971,13.00780803240784,10.356667464209812,0,31.185784327029054,7.427923073272785,0.0162,2017,2020-02-23,NA,0,0
2017-02-24,16.2153,15.065725621052627,11.502176197456837,0,22.333340201447797,-15.860428284754036,0.035026363653846156,2017,2020-02-24,NA,0.07,0
2017-02-25,6.1167000000006,3.687381271620044,10.502128890653891,7.06,29.343761318351053,-0.3103959184412896,0.02306,2017,2020-02-25,NA,0.02,7.06
2017-02-26,22.2633,-0.5214980680789161,6.6474010898861895,0.05,31.352002778987046,3.3357514961214187,0.005333333333333333,2017,2020-02-26,NA,0,0.05
2017-02-27,7.7886,4.422813208333353,6.720131803108223,0,25.506379025852027,-1.1633885402271615,0.005864857142857143,2017,2020-02-27,NA,0,0
2017-02-28,2.8683,7.191827278242918,7.356525543801007,15.9,25.811302328659288,2.9585354274641498,0.004064933333333333,2017,2020-02-28,NA,0.4,15.9
2017-02-28,2.8683,7.191827278242918,7.356525543801007,15.9,25.811302328659288,2.9585354274641498,0.004064933333333333,2017,2020-02-28,NA,0.39,15.9
2017-03-01,5.9886,12.189865648602625,8.83841382569991,29.49,36.358973708826724,6.553191786380162,NaN,2017,2020-03-01,NA,1.11,29.49
2017-03-02,16.5816,2.4749576500953148,7.911097232119001,29.74,38.498531317004016,10.861948986834227,NaN,2017,2020-03-02,NA,0,29.74
2017-03-03,26.1945,-2.2774443604388304,6.9565066210798285,0.03,41.783448544527424,13.792455871382039,NaN,2017,2020-03-03,NA,0,0.03
2017-03-04,16.6383,-6.823537041666646,6.1655601147902255,0,59.80706687783032,36.633492994275194,0.0012321233333333333,2017,2020-03-04,NA,0.09,0
2017-03-05,23.2227,1.4919660083333521,6.420117611067339,0,65.73610841051277,21.54620229606687,0.0017879711111111112,2017,2020-03-05,NA,0,0
2017-03-06,3.3336,10.71546725385411,7.6292657183836265,2.74,33.48587378824329,0.3754182307903649,0.00324848,2017,2020-03-06,NA,0.4,2.74
2017-03-07,5.1849,12.086842489069188,9.074788643671514,7.37,38.61459518087143,3.484473346279181,0.015600000000000001,2017,2020-03-07,NA,0.27,7.37
2017-03-07,5.1849,12.086842489069188,9.074788643671514,7.37,38.61459518087143,3.484473346279181,0.015600000000000001,2017,2020-03-07,NA,0,7.37
2017-03-08,26.6877,8.339171929137416,8.474760259589749,6.2,50.76582985478821,26.52784552240394,NaN,2017,2020-03-08,NA,0,6.2
2017-03-09,24.7977,7.509238220833357,8.302024815687421,0,43.82527615201811,20.452376519129665,0.035429625,2017,2020-03-09,NA,0.04,0
2017-03-10,25.5987,3.3656336552002286,8.9384185563802,2.84,65.54464125746134,29.25526264056336,0.016213,2017,2020-03-10,NA,0.08,2.84
2017-03-11,25.317,-3.6110714687499788,6.738314481413729,0.13,63.65911138495541,43.235787098987274,0.004783,2017,2020-03-11,NA,0,0.13
2017-03-12,27.027,-3.1498366770833095,6.06555538410993,0,51.39998861963264,40.31589523703778,0.003281076923076923,2017,2020-03-12,NA,0,0
2017-03-13,9.0603,-4.600058755782975,5.574623069861212,0,56.47973623013,33.410584844743916,0.008885702702702702,2017,2020-03-13,NA,0.04,0
2017-03-14,17.5914,-6.40173532174331,4.029095413893024,0,65.14742268100876,55.57524957032187,0.012494102564102563,2017,2020-03-14,NA,0,0
2017-03-14,17.5914,-6.40173532174331,4.029095413893024,0,65.14742268100876,55.57524957032187,0.012494102564102563,2017,2020-03-14,NA,0,0
2017-03-15,20.5965,-9.307222362365648,4.247287553559119,0,49.82885918507064,20.51462503631586,0.0085675,2017,2020-03-15,NA,0,0
2017-03-16,28.8387,-6.070533620833314,4.47457103237797,0,43.99324984442681,14.584926191649911,NaN,2017,2020-03-16,NA,0,0
2017-03-17,3.3075,-2.88208046134485,4.647306476280297,3.25,42.571370860442656,15.647241448087577,-0.007851,2017,2020-03-17,NA,0.17,3.25
2017-03-18,4.7781,1.066525660870834,4.4382056757669535,3.25,41.76070099946606,16.578791778720262,NaN,2017,2020-03-18,NA,0,3.25
2017-03-19,12.6396,0.9578600062500205,4.974594685779444,0,33.75818702461938,16.195901988198678,6.628333333333333e-4,2017,2020-03-19,NA,0,0
2017-03-20,9.3744,1.639767365434583,5.229152182056557,49.15,34.873542656582096,6.700845754093456,0.0048986842105263155,2017,2020-03-20,NA,1.21,49.15
2017-03-21,20.9484,7.455316933816774,6.96559796023258,50.6,37.65648526945215,13.353542737659254,0.007778666666666667,2017,2020-03-21,NA,0,50.6
2017-03-21,20.9484,7.455316933816774,6.96559796023258,50.6,37.65648526945215,13.353542737659254,0.007778666666666667,2017,2020-03-21,NA,0.01,50.6
2017-03-22,31.4199,0.08011345625002282,7.701996431605656,0.15,67.61491918319867,35.645673167927846,0.012253333333333333,2017,2020-03-22,NA,0,0.15
2017-03-23,29.1753,1.9898335270833545,6.992871977690843,0,66.36813270425455,23.7479598230538,NaN,2017,2020-03-23,NA,0,0
2017-03-24,22.0284,8.338849939583353,8.52930829450627,0.05,19.81274170938591,-23.406876814583455,NaN,2017,2020-03-24,NA,0,0.05
2017-03-25,19.4058,7.965751227083358,11.447628162540312,0.05,18.86608115072061,-29.354900005221523,NaN,2017,2020-03-25,NA,0,0.05
2017-03-26,11.8827,11.021024376094276,13.020429835966784,6.58,23.666778495067025,-5.473274098735778,NaN,2017,2020-03-26,NA,0.64,6.58
2017-03-27,19.692,9.977230063393876,12.911333766133733,7.47,25.67878485468497,0.8728035830999686,NaN,2017,2020-03-27,NA,0.2,7.47
2017-03-28,7.7886,11.506793853686064,12.974973140203012,5.44,28.631920048781815,5.042417291615554,NaN,2017,2020-03-28,NA,0.03,5.44
2017-03-28,7.7886,11.506793853686064,12.974973140203012,5.44,28.631920048781815,5.042417291615554,NaN,2017,2020-03-28,NA,0,5.44
2017-03-29,25.3098,6.8213146700285,11.602180928137134,0.36,41.04817609328026,7.9188677671453185,0.0247875,2017,2020-03-29,NA,0,0.36
2017-03-30,13.4712,14.611982775717145,11.974925833400054,0.2,39.72754531091561,-15.96979392237018,0.016752727272727273,2017,2020-03-30,NA,0.07,0.2
2017-03-31,6.2244,12.832633697064107,12.493132165107042,4.11,35.7644918268757,-6.619066044748414,0.01537,2017,2020-03-31,NA,0.26,4.11
2017-04-01,11.8089,6.070117285416688,10.756686386930996,3.81,41.770053389467954,5.734699942031907,0.005535714285714286,2017,2020-04-01,NA,0,3.81
2017-04-02,30.1023,7.263275595833355,10.647590317097945,0,50.911703562408185,-1.8196939211640368,0.0080965,2017,2020-04-02,NA,0,0
2017-04-03,11.3796,14.245599776768232,12.129478598996876,0.46,40.82860076828825,-23.090856776477413,0.016867105263157895,2017,2020-04-03,NA,0.06,0.46
2017-04-04,11.3661,14.253456388893857,12.029473868316579,0.94,36.01233854859929,-8.453523761547638,0.019036666666666667,2017,2020-04-04,NA,0,0.94
2017-04-04,11.3661,14.253456388893857,12.029473868316579,0.94,36.01233854859929,-8.453523761547638,0.019036666666666667,2017,2020-04-04,NA,0,0.94
2017-04-05,20.3823,11.826771059559332,12.002199850858316,4.8,51.326320282933935,-4.82451422115836,0.025333113914285714,2017,2020-04-05,NA,0.48,4.8
2017-04-06,10.9377,7.6619107318340385,12.384036095273991,17.17,45.97989491936241,-4.987526106132925,0.0147,2017,2020-04-06,NA,0.24,17.17
2017-04-07,33.1857,5.646418216666684,9.520264262156452,5.08,49.1175719138209,-5.178804743270795,NaN,2017,2020-04-07,NA,0,5.08
2017-04-08,35.3097,7.096358860416689,10.329393446751565,0,53.55982117376875,7.695117015766942,0.0027716466666666668,2017,2020-04-08,NA,0,0
2017-04-09,31.176,12.490890589583353,12.347670738662975,0,81.65467107940644,-18.33180459152016,0.01828375,2017,2020-04-09,NA,0,0
2017-04-10,26.0838,19.568592437500023,13.738645629034362,0,70.72428933701319,-19.454480078159005,0.009340766666666667,2017,2020-04-10,NA,0,0
2017-04-11,16.3593,16.70460877690919,14.702327579226305,5.44,54.736362297589764,-7.809112546916954,0.030066666666666665,2017,2020-04-11,NA,0.17,5.44
2017-04-11,16.3593,16.70460877690919,14.702327579226305,5.44,54.736362297589764,-7.809112546916954,0.030066666666666665,2017,2020-04-11,NA,0,5.44
2017-04-12,34.8588,11.916902454166689,13.64773223750682,5.44,57.51702805051997,3.920868914034152,0.018529,2017,2020-04-12,NA,0,5.44
2017-04-13,28.1268,13.048822450000026,13.993203125311469,0,53.40290796650989,-2.1370236574256714,0.0116824,2017,2020-04-13,NA,0,0
2017-04-14,29.5227,16.49635975416669,15.884201669084312,0,50.860478384633915,2.346180758475975,0.023335943,2017,2020-04-14,NA,0,0
2017-04-15,29.1204,19.449563270833355,17.938844317606687,0,69.67602305437435,0.04900050818253006,0.020883538249999997,2017,2020-04-15,NA,0,0
2017-04-16,22.5837,19.954398410269977,17.902478960995673,0.41,76.1468317046346,-2.4484945051011677,0.011414,2017,2020-04-16,NA,0.04,0.41
2017-04-17,24.1929,16.67008216041669,16.7660615669014,0.43,71.21102850817508,4.209594419739939,0.05074821334782609,2017,2020-04-17,NA,0,0.43
2017-04-18,32.3793,14.603883891666692,16.666056836221117,0,113.08846828610305,-7.782700924843457,0.04251304347826087,2017,2020-04-18,NA,0,0
2017-04-18,32.3793,14.603883891666692,16.666056836221117,0,113.08846828610305,-7.782700924843457,0.04251304347826087,2017,2020-04-18,NA,0,0
2017-04-19,21.6279,20.116839422037334,17.557008073191014,0,63.8378851437103,-4.934276653012802,0.0201825,2017,2020-04-19,NA,0,0
2017-04-20,22.9068,20.063862162500023,18.766156180507316,0.86,71.35600574393982,0.6291635168027316,0.0224375,2017,2020-04-20,NA,0.71,0.86
2017-04-21,22.8699,13.909579875700043,17.356998611830434,27.97,78.58862153700531,7.7091374332591105,0.0545,2017,2020-04-21,NA,0.01,27.97
2017-04-22,17.6544,9.471787632771274,15.084163823641948,2.34,113.30270065218754,35.77564038932209,0.07001496216666667,2017,2020-04-22,NA,0.04,2.34
2017-04-23,29.3373,11.312351412500021,13.856833038020167,31.32,115.60183113708334,16.833304730503638,0.04365727395121951,2017,2020-04-23,NA,0,31.32
2017-04-24,36.4815,14.485747408333355,15.27508194584979,31.32,87.97812212816092,-4.423093862651713,0.06408545266666667,2017,2020-04-24,NA,0,31.32
2017-04-25,34.5888,16.01289191875002,17.74792619539885,0,70.72510792723041,7.035750268086915,NaN,2017,2020-04-25,NA,0,0
2017-04-25,34.5888,16.01289191875002,17.74792619539885,0,70.72510792723041,7.035750268086915,NaN,2017,2020-04-25,NA,0,0
2017-04-26,34.515,19.511947598106126,19.238905816450533,0,83.73163974506087,-5.779584755982304,0.08346042644444444,2017,2020-04-26,NA,0,0
2017-04-27,20.124,18.996997637863938,19.329819207978073,7.04,98.96252840192119,0.37022389899876523,0.0587442131,2017,2020-04-27,NA,0.28,7.04
2017-04-28,12.9195,12.302136105006335,17.538825394885503,7.04,93.52435379422724,6.643652550209444,NaN,2017,2020-04-28,NA,0.76,7.04
2017-04-29,18.4752,18.115273271956795,15.084163823641942,35.2,83.16477048543598,9.012668766154258,NaN,2017,2020-04-29,NA,1.21,35.2
2017-04-30,12.8349,19.41591204400548,14.98415909296165,40.94,77.01016983100794,10.127055855881483,NaN,2017,2020-04-30,NA,0.1,40.94
2017-05-01,21.3957,18.05431081662892,15.202351232627784,3.07,75.28837613925283,10.759411167429176,NaN,2017,2020-05-01,NA,0.15,3.07
2017-05-02,28.2852,11.463131004280337,13.311352688854917,3.1,71.23348299657204,9.572336345107415,NaN,2017,2020-05-02,NA,0.03,3.1
2017-05-02,28.2852,11.463131004280337,13.311352688854917,3.1,71.23348299657204,9.572336345107415,NaN,2017,2020-05-02,NA,0,3.1
2017-05-03,23.9949,9.743106254793483,13.474996793604491,1.35,67.08272504836751,9.357924745636618,NaN,2017,2020-05-03,NA,0.1,1.35
2017-05-04,4.7385,10.647035748779066,13.193165279869113,14.86,65.05866629837412,8.605826193034378,-0.024790000000000003,2017,2020-05-04,NA,0.99,14.86
2017-05-05,4.4559,8.791355648912466,11.165796648804934,30.71,53.800635465257884,7.0188849978731485,0.011848000000000001,2017,2020-05-05,NA,0.94,30.71
2017-05-06,29.9259,9.05703408554988,9.929374524030377,32.49,50.429764913422105,2.9082785821762753,NaN,2017,2020-05-06,NA,0,32.49
2017-05-07,40.2651,9.267832689583356,10.8748737959168,0.03,51.12132171975296,3.5850142070620845,NaN,2017,2020-05-07,NA,0,0.03
2017-05-08,38.943,8.661501620833361,11.684002980511922,0,50.09251531983063,3.1013209713560115,0.01355,2017,2020-05-08,NA,0,0
2017-05-09,8.3061,11.989828395753108,12.547680200023567,19.3,34.23029727888854,4.841451847191849,0.041759899842105264,2017,2020-05-09,NA,0.49,19.3
2017-05-09,8.3061,11.989828395753108,12.547680200023567,19.3,34.23029727888854,4.841451847191849,0.041759899842105264,2017,2020-05-09,NA,0.21,19.3
2017-05-10,26.42819999994,16.855255254166693,12.91287191631241,19.3,16.426244192697077,5.336956559943594,0.01760207325714286,2017,2020-05-10,NA,0,19.3
2017-05-11,11.4579,17.497324516730274,13.948987416710642,3.2,44.661681126061914,9.129164244276224,0.28843317966666665,2017,2020-05-11,NA,0.13,3.2
2017-05-12,21.5667,13.956792852083355,13.408615082295135,3.2,40.56290699854118,3.997664592918397,0.150087910025,2017,2020-05-12,NA,0,3.2
2017-05-13,40.6323,14.580247352300544,13.796282138328705,0,57.33754540983779,9.589904665423617,0.101506958125,2017,2020-05-13,NA,0,0
2017-05-14,37.7469,19.342500862500028,14.322926562699077,0,56.43714344985672,8.74883135739035,0.08799389175,2017,2020-05-14,NA,0,0
2017-05-15,37.0638,20.373197322916692,15.506085880026614,0,57.580592557740836,1.137832391946997,0.03758948853333333,2017,2020-05-15,NA,0,0
2017-05-16,38.3058,22.83764095833336,20.00937820869213,0,71.55943882313386,3.6613355617682086,0.0969486544,2017,2020-05-16,NA,0,0
2017-05-16,38.3058,22.83764095833336,20.00937820869213,0,71.55943882313386,3.6613355617682086,0.0969486544,2017,2020-05-16,NA,0,0
2017-05-17,31.3335,24.371330341666688,21.679228819390048,0,87.73793808705499,-4.099505052075334,0.03564138888888889,2017,2020-05-17,NA,0,0
2017-05-18,28.3977,24.931065713122376,22.34045887821528,3.68,75.8250044457452,-2.4630238633414256,0.03765862068965517,2017,2020-05-18,NA,0.25,3.68
2017-05-19,20.4318,23.783261526555858,22.887726402074072,10.74,62.32095580772222,6.0671815387017505,0.16978061152941176,2017,2020-05-19,NA,0.22,10.74
2017-05-20,24.2307,19.227324387500023,21.918326471582176,10.74,83.11903265851902,30.7281652728888,0.21073700195348838,2017,2020-05-20,NA,0.21,10.74
2017-05-21,19.6992,21.40730306139581,22.4566102202118,6.12,79.32662187407354,11.912995187165475,0.06375160175,2017,2020-05-21,NA,0.82,6.12
2017-05-22,37.6569,17.031902056250026,20.715829763489577,6.12,75.13745129863212,16.6452149906305,0.061620973,2017,2020-05-22,NA,0,6.12
2017-05-23,31.2993,17.353033672916688,20.78714490450927,0,92.70597313149001,12.907770809501056,0.131619966125,2017,2020-05-23,NA,0,0
2017-05-23,31.2993,17.353033672916688,20.78714490450927,0,92.70597313149001,12.907770809501056,0.131619966125,2017,2020-05-23,NA,0,0
2017-05-24,7.4889,17.704832295237647,21.214261023439818,16.31,94.97736449378863,12.998862656944643,0.18291344966666667,2017,2020-05-24,NA,1.96,16.31
2017-05-25,14.0679,15.805681041458799,15.973925140883106,46.41,78.81597044022082,9.531398829879613,NaN,2017,2020-05-25,NA,0.41,46.41
2017-05-26,33.2802,18.280463012500025,16.42349706986098,6.78,73.27165513774682,8.339832268415979,0.008951111111111111,2017,2020-05-26,NA,0.1,6.78
2017-05-27,25.0056,22.703230459635442,17.660980682103006,5.26,78.89558165118417,8.856323412642363,0.06491106211111111,2017,2020-05-27,NA,0.02,5.26
2017-05-28,24.909300000000002,20.993794547916693,18.362323227015047,0,72.08103743346855,12.127696369776434,0.10207713518181817,2017,2020-05-28,NA,0.06,0
2017-05-29,30.7494,20.508188954892944,18.655620232807873,8.36,86.13663079867642,17.895154923354074,0.0128,2017,2020-05-29,NA,0,8.36
2017-05-30,37.2465,21.18684486041669,19.16010204672917,0,82.72816963332949,16.33887442248711,0.035682898666666664,2017,2020-05-30,NA,0,0
2017-05-30,37.2465,21.18684486041669,19.16010204672917,0,82.72816963332949,16.33887442248711,0.035682898666666664,2017,2020-05-30,NA,0,0
2017-05-31,40.6296,19.329922847581294,18.564040848090276,0,85.17786113245596,14.778827175637486,0.055825,2017,2020-05-31,NA,0,0
2017-06-01,39.7953,18.57560310625002,18.219142559545134,0,82.71893464743899,15.474596188449018,0.046299999999999994,2017,2020-06-01,NA,0,0
2017-06-02,40.4325,19.707409679166688,19.482934982604167,0,82.96066369504817,10.997952830831693,0.10310772822222222,2017,2020-06-02,NA,0,0
2017-06-03,37.9602,21.85843866666669,20.411820252424775,0,75.4385705952179,12.452239665461466,0.101792601625,2017,2020-06-03,NA,0,0
2017-06-04,33.4188,23.37833146041669,22.50324892791435,0,82.96758005030539,13.193701700598883,0.08604092257142858,2017,2020-06-04,NA,0,0
2017-06-05,22.639499999999998,24.374156931139712,22.7427662904375,0.51,76.40832249315012,13.155037654629876,0.17922416735714286,2017,2020-06-05,NA,0.26,0.51
2017-06-06,38.6064,20.04255677708336,22.5302094504051,0.51,136.0009340255559,19.56884628769587,0.33614327362068963,2017,2020-06-06,NA,0,0.51
2017-06-06,38.6064,20.04255677708336,22.5302094504051,0.51,136.0009340255559,19.56884628769587,0.33614327362068963,2017,2020-06-06,NA,0,0.51
2017-06-07,16.1973,16.998205133333357,21.14781308048495,0.05,105.35853140925225,19.961871395011322,0.24602713166666668,2017,2020-06-07,NA,0,0.05
2017-06-08,33.6051,16.64152102916669,20.212879040293984,0,78.80446714762974,18.84736725548995,0.2737739722,2017,2020-06-08,NA,0,0
2017-06-09,37.4913,19.617781775389815,21.591869407885824,0,81.92829753782806,14.227212128053159,0.002239,2017,2020-06-09,NA,0,0
2017-06-10,37.7181,23.743303258333356,23.08383899064815,0,97.67102997017938,12.107846529626576,0.06629230769230769,2017,2020-06-10,NA,0,0
2017-06-11,32.6196,24.83290875208336,24.195634094530092,0,97.98015602778571,10.799061199760331,0.07545263157894737,2017,2020-06-11,NA,0,0
2017-06-12,34.4619,26.193417350000022,24.977503722672452,0,89.03782284394237,12.087961127577712,0.10554153142857142,2017,2020-06-12,NA,0,0
2017-06-13,19.5777,26.418248771699336,25.82190034887501,7.54,80.73522830834621,11.660689229968725,0.104516016,2017,2020-06-13,NA,0.7,7.54
2017-06-13,19.5777,26.418248771699336,25.82190034887501,7.54,80.73522830834621,11.660689229968725,0.104516016,2017,2020-06-13,NA,0,7.54
2017-06-14,14.7537,22.655900205511497,25.483219639986114,11.84,88.18962574256778,15.086054712791386,0.1599331339375,2017,2020-06-14,NA,0.76,11.84
2017-06-15,26.1477,23.05490718845615,22.535679388969903,18.19,91.44470477225448,15.92747937954126,NaN,2017,2020-06-15,NA,0.56,18.19
2017-06-16,37.7514,25.038882908333356,21.36816852579167,18.19,82.33223748983308,10.59210598625811,0.129594382,2017,2020-06-16,NA,0,18.19
2017-06-17,33.3243,25.172862885416688,21.82528328420486,0,96.6929437052971,13.38224680557195,0.1196045386,2017,2020-06-17,NA,0,0
2017-06-18,18.9027,25.44023817228411,22.81794869398148,13,91.43611797598969,11.043941192142347,0.1275210364,2017,2020-06-18,NA,0.6,13
2017-06-19,33.5034,22.104021096487983,22.7518829309132,29.41,89.43516557889386,10.574729468229982,NaN,2017,2020-06-19,NA,0.01,29.41
2017-06-20,41.319,22.22074380833336,22.123754238380783,0.03,85.56968289881596,9.48990149871579,0.15146262,2017,2020-06-20,NA,0,0.03
2017-06-20,41.319,22.22074380833336,22.123754238380783,0.03,85.56968289881596,9.48990149871579,0.15146262,2017,2020-06-20,NA,0,0.03
2017-06-21,36.0216,24.063509779166687,21.89146354916319,0.08,86.15690429335699,10.702614365251094,0.13481787255555555,2017,2020-06-21,NA,0.01,0.08
2017-06-22,22.8033,25.487187308333358,22.27583135869328,0.1,81.66684637447439,11.065407358981487,0.14475691538888888,2017,2020-06-22,NA,0.01,0.1
2017-06-23,4.4532,22.538563201596588,22.871111878967586,51.87,86.48334773707778,14.446359941229346,0.1829585367777778,2017,2020-06-23,NA,2.37,51.87
2017-06-24,39.5676,20.63069067428367,20.88620676919676,51.87,79.89028099873569,11.47866303655611,NaN,2017,2020-06-24,NA,0,51.87
2017-06-25,38.1681,19.21957088541669,20.212984272245368,0,75.53585313762886,11.950917059805704,0.165872506,2017,2020-06-25,NA,0,0
2017-06-26,32.4288,17.763687177083355,19.87656207315676,0,75.6114013952875,11.89418371021119,NaN,2017,2020-06-26,NA,0,0
2017-06-27,39.5451,17.164052278402814,19.3925820169375,0,73.47347837642785,13.427309812853768,0.16989353083333333,2017,2020-06-27,NA,0,0
2017-06-27,39.5451,17.164052278402814,19.3925820169375,0,73.47347837642785,13.427309812853768,0.16989353083333333,2017,2020-06-27,NA,0,0
2017-06-28,35.9060999999994,18.613275847916693,20.27068520123495,0,98.04290471427423,9.944051765568297,0.10568413658333334,2017,2020-06-28,NA,0,0
2017-06-29,34.2828,24.100787754166685,22.873786637401622,0,84.1609929786313,10.394687237521,0.09587863145833334,2017,2020-06-29,NA,0,0
2017-06-30,18.4014,25.57172596041669,24.47184467113542,0.03,54.62475527794389,4.783296478327233,0.088207181525,2017,2020-06-30,NA,1.09,0.03
2017-07-01,25.0164,23.53146416892459,22.34537858522801,19.91,68.83208875708817,11.683958654687116,0.14813857633333333,2017,2020-07-01,NA,0,19.91
2017-07-02,39.3219,23.553674168750025,21.800614787333338,0.03,63.37333697688884,12.616162194845991,0.21222737566666666,2017,2020-07-02,NA,0,0.03
2017-07-03,34.3359,24.033921377083356,22.641318829623845,0,58.53812335581181,15.655617900906769,0.10353107571428571,2017,2020-07-03,NA,0,0
2017-07-04,26.9631,24.73872367541585,25.23591476075926,9.83,60.86567193108144,9.757895546661533,0.29094709814285713,2017,2020-07-04,NA,0.08,9.83
2017-07-05,24.8499,24.829395214583354,25.0486977530787,9.83,58.316998327371095,15.029702160537083,0.21121809164285715,2017,2020-07-05,NA,0,9.83
2017-07-05,24.8499,24.829395214583354,25.0486977530787,9.83,58.316998327371095,15.029702160537083,0.21121809164285715,2017,2020-07-05,NA,0,9.83
2017-07-06,13.3605,23.504119758627294,25.84980062683912,13.06,59.191492736265836,12.868172774821039,0.3762287084545454,2017,2020-07-06,NA,0.69,13.06
2017-07-07,27.171,22.891118544382458,24.26107000283796,13.06,60.46856631429631,12.201228004924966,0.48141326349999997,2017,2020-07-07,NA,0.77,13.06
2017-07-08,39.591,21.409586016666687,20.709259332208337,14.27,61.803379539222036,13.030939244637903,NaN,2017,2020-07-08,NA,0,14.27
2017-07-09,39.6054,20.611153558030185,20.74185625062616,0,56.645108570205814,14.353914486301317,0.08614513083333333,2017,2020-07-09,NA,0,0
2017-07-10,24.9291,23.901794397139188,21.09229410183449,24.05,56.9628578991891,11.615688219145687,0.04578599266666667,2017,2020-07-10,NA,1,24.05
2017-07-11,11.7819,23.68606484310836,21.67484549611227,24.05,55.735539608458495,13.077377056222334,0.06777633836363636,2017,2020-07-11,NA,0.25,24.05
2017-07-11,11.7819,23.68606484310836,21.67484549611227,24.05,55.735539608458495,13.077377056222334,0.06777633836363636,2017,2020-07-11,NA,0.2,24.05
2017-07-12,30.0303,25.595512966666693,21.30758255966435,17.73,40.70913902832693,11.901305273164372,0.16890263623809523,2017,2020-07-12,NA,0,17.73
2017-07-13,19.9179,26.718035209867754,22.504355978105323,8,50.56088044189975,12.180613525190564,0.08262250178571429,2017,2020-07-13,NA,0.31,8
2017-07-14,32.976,25.53977823847763,22.780002008620464,8.51,57.005859100062104,13.43797194293279,0.25956598766666666,2017,2020-07-14,NA,0.01,8.51
2017-07-15,32.139,21.886731277083353,22.75742184548959,0.64,58.502535975175526,19.632737282441497,0.25632530616666666,2017,2020-07-15,NA,0,0.64
2017-07-16,33.1479,22.609910075000023,24.270094002590277,0.28,70.56953249658355,17.300041542005875,0.24647875525,2017,2020-07-16,NA,0,0.28
2017-07-17,32.6583,24.889503436965583,22.464325130320603,10.19,72.63928475004224,20.64470236546073,0.12041357688235294,2017,2020-07-17,NA,0.06,10.19
2017-07-18,29.6406,25.96361275833336,23.296513195363424,10.19,71.06889268824727,14.173666449655073,0.17112259505,2017,2020-07-18,NA,0,10.19
2017-07-18,29.6406,25.96361275833336,23.296513195363424,10.19,71.06889268824727,14.173666449655073,0.17112259505,2017,2020-07-18,NA,0,10.19
2017-07-19,33.8085,25.113390537500024,24.6627442748588,0.03,80.46912593137917,17.604869363455638,0.2881886095,2017,2020-07-19,NA,0,0.03
2017-07-20,19.458,25.493975545675315,25.17841756667361,8.99,79.53826219550905,17.300442302449458,0.3004403174,2017,2020-07-20,NA,0.18,8.99
2017-07-21,19.433699999999998,26.258245498979022,25.303835502821755,16.59,74.73272268511919,16.746341575832357,0.27240793557142856,2017,2020-07-21,NA,0.61,16.59
2017-07-22,22.23,26.835869587750008,25.305821687269674,16.59,79.5229838483028,14.797119986932012,0.3223923467,2017,2020-07-22,NA,0.06,16.59
2017-07-23,20.2068,25.26909925263942,25.134116278334496,18.52,78.37728537196409,17.431093950090197,0.19275445875,2017,2020-07-23,NA,0.48,18.52
2017-07-24,29.4192,23.725748952083357,23.771052956679398,19.18,81.32780087685768,16.26230037306717,0.4251284358125,2017,2020-07-24,NA,0,19.18
2017-07-25,36.393299999999996,21.467762733333355,24.257946922980324,0,112.93161283918674,21.66998317513004,0.35462123081481484,2017,2020-07-25,NA,0,0
2017-07-25,36.393299999999996,21.467762733333355,24.257946922980324,0,112.93161283918674,21.66998317513004,0.35462123081481484,2017,2020-07-25,NA,0,0
2017-07-26,33.795,23.012081493750024,26.093672243504617,0,107.56925317113036,28.564759549189134,0.3749909647333333,2017,2020-07-26,NA,0,0
2017-07-27,9.9522,23.736721054385487,26.114852594981482,2.64,85.28294495500774,18.545408479312254,0.4979143832,2017,2020-07-27,NA,0.08,2.64
2017-07-28,29.464199999999998,23.989525096126105,24.847344797082172,2.69,88.86060118253707,16.310741832423105,0.6428960974545455,2017,2020-07-28,NA,0,2.69
2017-07-29,32.544,20.921751416666684,24.35875634422221,0.05,130.061425409375,22.76522648577083,0.38395553102941177,2017,2020-07-29,NA,0,0.05
2017-07-30,33.3783,21.710965587500027,24.270680090432872,0,99.32201389888841,15.694161451381332,0.37767380422222224,2017,2020-07-30,NA,0,0
2017-07-31,35.3907,23.48690606666669,25.420605365096065,0,82.56145837811827,21.32206319999321,0.296878421125,2017,2020-07-31,NA,0,0
2017-08-01,21.8043,23.37970207083336,25.728151277868054,0,82.88463836876744,15.00748616857975,0.3941822898333333,2017,2020-08-01,NA,0,0
2017-08-01,21.8043,23.37970207083336,25.728151277868054,0,82.88463836876744,15.00748616857975,0.3941822898333333,2017,2020-08-01,NA,0,0
2017-08-02,25.0875,23.228559387500024,26.012190836524308,0,88.76399683238056,18.63226004651771,0.216379036,2017,2020-08-02,NA,0.02,0
2017-08-03,30.7143,23.472707383333354,26.870607642327553,0.08,96.31814645675723,20.248787372328863,0.3014752548888889,2017,2020-08-03,NA,0,0.08
2017-08-04,25.4106,22.525882279831773,27.07692757826968,0,99.27334760624062,19.856294096756102,0.315387585,2017,2020-08-04,NA,0,0
2017-08-05,30.2256,18.28324284791669,24.235887961012732,0,97.12283958357041,21.15007135911757,0.0566,2017,2020-08-05,NA,0,0
2017-08-06,9.420300000000001,19.653714803872,24.050843311686346,0.41,81.21647617507864,16.9155868337472,0.45582582616666667,2017,2020-08-06,NA,0.01,0.41
2017-08-07,19.0611,20.54022881580536,23.495270440896995,1.22,76.27394773537021,19.87799840036722,0.38694929885714285,2017,2020-08-07,NA,0.27,1.22
2017-08-08,35.3664,20.396772768750022,24.116285312187497,1.22,100.44568944476107,20.141293312876996,0.4662250897083333,2017,2020-08-08,NA,0,1.22
2017-08-08,35.3664,20.396772768750022,24.116285312187497,1.22,100.44568944476107,20.141293312876996,0.4662250897083333,2017,2020-08-08,NA,0,1.22
2017-08-09,35.1261,20.266026035416687,24.144833181317992,0,104.36010216347935,17.520509155815457,0.3360159549130435,2017,2020-08-09,NA,0,0
2017-08-10,33.0561,21.69641498333336,25.178872638827546,0,79.57765308044836,22.831336334402835,0.42515046672727275,2017,2020-08-10,NA,0,0
2017-08-11,19.9656,22.04320417489231,24.527656005343744,1.6,82.2709624362417,17.968997283868543,0.590904941,2017,2020-08-11,NA,0,1.6
2017-08-12,36.1791,21.92484213125002,24.873890836677095,2.01,90.89354471220003,20.69739025995832,0.6101269245294118,2017,2020-08-12,NA,0,2.01
2017-08-13,33.6816,21.794416722916687,24.22094636619328,0,78.97738054610898,22.69255479226962,0.39144795404347826,2017,2020-08-13,NA,0,0
2017-08-14,25.7148,22.439421959125276,25.797096237037028,0,93.80298548311974,14.468371314626696,0.5621197169545454,2017,2020-08-14,NA,0,0
2017-08-15,31.3488,23.775326531250023,25.740128575730335,0,87.9009519782962,20.658955883698148,0.53075363,2017,2020-08-15,NA,0,0
2017-08-15,31.3488,23.775326531250023,25.740128575730335,0,87.9009519782962,20.658955883698148,0.53075363,2017,2020-08-15,NA,0,0
2017-08-16,31.121100000000002,25.608758708333358,25.58063815932986,0,75.25309518069615,19.966867902086864,0.51589423,2017,2020-08-16,NA,0,0
2017-08-17,21.5154,26.438618043260487,28.225109740395833,13.31,94.09821424082435,21.874359469008724,0.3358347757407407,2017,2020-08-17,NA,0.56,13.31
2017-08-18,30.8034,25.026255408333355,26.967696161785884,13.31,96.71443591001753,21.816618899002556,0.2538958595,2017,2020-08-18,NA,0,13.31
2017-08-19,29.988,23.88720839377292,25.827440110098387,0.15,98.31876765300555,23.145424914081982,0.132594127,2017,2020-08-19,NA,0.01,0.15
2017-08-20,30.174300000000002,25.175303641666687,26.586415437736115,0.15,83.70913702378505,19.300279711492884,0.4598303847142857,2017,2020-08-20,NA,0,0.15
2017-08-21,20.4408,25.704155916666686,27.580469119270834,0.13,71.94471254433199,22.960731717963498,NaN,2017,2020-08-21,NA,0,0.13
2017-08-22,16.0668,25.373770246737607,28.091378183728008,1.42,97.22242603972207,21.545342937274906,0.46300536983333335,2017,2020-08-22,NA,0,1.42
2017-08-22,16.0668,25.373770246737607,28.091378183728008,1.42,97.22242603972207,21.545342937274906,0.46300536983333335,2017,2020-08-22,NA,0,1.42
2017-08-23,29.9223,20.74333733750002,26.01964917787152,1.42,102.37487007234296,26.575321394085112,0.1845296512,2017,2020-08-23,NA,0,1.42
2017-08-24,29.421,18.307431131250027,25.32024118886689,0,113.16289749769801,26.639111811797928,0.5949264025714286,2017,2020-08-24,NA,0,0
2017-08-25,26.502299999999998,19.14676272083336,24.689873787049773,0,120.94361396940543,33.136489015020345,0.5224906187142857,2017,2020-08-25,NA,0,0
2017-08-26,29.2662,18.589053543750023,24.943516220795143,0,132.28901954177078,28.412024162101584,0.5438763342692308,2017,2020-08-26,NA,0,0
2017-08-27,28.9098,20.23816835833336,25.313753515677078,0,123.72938853465928,29.231661853395497,0.5227798172121212,2017,2020-08-27,NA,0,0
2017-08-28,16.0479,20.29286803388611,25.837292692042823,0.36,106.5744433830019,24.249180474717686,0.6134932908888889,2017,2020-08-28,NA,0.39,0.36
2017-08-29,17.4951,21.30912129272298,25.132681754546297,8.15,94.0731984053493,29.205300305673983,0.3381806083181818,2017,2020-08-29,NA,0.66,8.15
2017-08-29,17.4951,21.30912129272298,25.132681754546297,8.15,94.0731984053493,29.205300305673983,0.3381806083181818,2017,2020-08-29,NA,0.03,8.15
2017-08-30,26.2161,21.061493400000018,22.977680016129636,8.15,82.1396729137888,28.95097716596754,0.18515957788235293,2017,2020-08-30,NA,0,8.15
2017-08-31,22.5207,21.390308877083363,23.843636882888887,0,93.35373291141796,22.55396000125267,0.4487888895263158,2017,2020-08-31,NA,0,0
2017-09-01,4.0059,15.846724151243434,22.707302949773144,6.73,164.69629054924025,39.6095135493759,0.594905689,2017,2020-09-01,NA,0.36,6.73
2017-09-02,6.0768,13.855831013418708,20.683804985189816,9.25,107.85916729150453,29.224187216546394,0.17157093099999998,2017,2020-09-02,NA,0.3,9.25
2017-09-03,27.0135,18.77818177916669,20.594015208803235,3.58,100.69242829663081,24.006022956361704,0.0654126105,2017,2020-09-03,NA,0,3.58
2017-09-04,23.3496,20.72121054166669,22.09692693799537,0,100.43571511763822,23.681268543801373,0.167749656,2017,2020-09-04,NA,0,0
2017-09-05,20.2032,20.858524579519838,21.981123709618057,33.15,105.13153604258517,20.64893177048389,0.157423324,2017,2020-09-05,NA,1.3,33.15
2017-09-05,20.2032,20.858524579519838,21.981123709618057,33.15,105.13153604258517,20.64893177048389,0.157423324,2017,2020-09-05,NA,0,33.15
2017-09-06,22.5549,14.267049831250025,20.74527574121296,4.9,97.38321887115896,24.207551203259854,NaN,2017,2020-09-06,NA,0,4.9
2017-09-07,24.9048,14.301179197916689,20.19690112516666,0.15,92.58883801863504,23.07200445471965,NaN,2017,2020-09-07,NA,0,0.15
2017-09-08,25.3188,15.737408364583358,19.59081689027083,0,81.08176918676692,22.663706684356086,0.14538817463636364,2017,2020-09-08,NA,0,0
2017-09-09,27.477,18.389426306250023,20.59527294338079,0.03,106.07816071076877,23.45122434097198,0.247788214,2017,2020-09-09,NA,0,0.03
2017-09-10,26.1801,16.130122372916695,21.201432769950234,0.03,119.69748784456934,25.842100719317667,0.33011977973333334,2017,2020-09-10,NA,0,0.03
2017-09-11,19.4058,15.712263429166692,21.162968989774306,0,94.24881034598401,22.73705998925882,0.3089857223846154,2017,2020-09-11,NA,0,0
2017-09-12,10.8666,16.695008132033482,21.03391043698727,1.42,91.38634905940332,20.083363236869033,0.437652994625,2017,2020-09-12,NA,0.01,1.42
2017-09-13,4.4676,17.325364697462962,20.602311722671296,2.87,66.9392127996956,15.06547301606345,0.25323540055555555,2017,2020-09-13,NA,NA,2.87
2017-09-14,12.9663,18.08788000213056,20.10010733290625,4.57,69.98438813078914,16.556974575185684,0.0848231465,2017,2020-09-14,NA,NA,4.57
2017-09-15,23.8761,20.277560087500024,20.4919318620868,0.05,61.19145154999512,13.423597576048307,0.16912463166666666,2017,2020-09-15,NA,NA,0.05
2017-09-16,23.0058,21.271844216666693,21.4705080889757,0,60.44187646388186,14.509286534980442,0.10972284163157894,2017,2020-09-16,NA,NA,0
2017-09-17,22.8816,21.74198107259971,21.686395965832176,0,59.52745514172556,14.315567470059396,0.1535001699,2017,2020-09-17,NA,NA,0
2017-09-18,16.839,22.835104397916687,22.04634981353357,0,57.57062884029506,15.699907493384535,0.208043422,2017,2020-09-18,NA,NA,0
2017-09-19,10.963799999999999,22.700449379296668,22.77288474087963,7.01,59.46587902367173,12.471468270662788,0.30744448068421054,2017,2020-09-19,NA,0,7.01
2017-09-20,18.3753,22.728310433333352,23.31035650216898,7.01,65.26830787747899,13.982316604214711,0.17826234935714286,2017,2020-09-20,NA,0,7.01
2017-09-21,16.9704,24.673406220833357,23.41318391079775,0,56.00856578573838,14.301801955471461,0.22031993384615384,2017,2020-09-21,NA,0,0
2017-09-22,21.8214,26.224824443750023,23.400240319498835,0,59.07264965595965,11.131499405709679,0.25689283122222223,2017,2020-09-22,NA,0,0
2017-09-23,24.957,25.049997556250016,23.933664707295137,0,66.21051144191327,15.158397172393743,0.20329044722222223,2017,2020-09-23,NA,0,0
2017-09-24,24.7851,23.887506245833357,24.55473067422338,0,83.38735595231825,11.128930760102257,0.23941687381250001,2017,2020-09-24,NA,0,0
2017-09-25,23.0472,23.04474869583336,25.224483011795137,0,75.37022844337254,11.838077611347488,0.357783101,2017,2020-09-25,NA,0,0
2017-09-26,22.9194,24.320537120833357,25.04911557668171,0,60.23082605620612,11.905512843470905,0.223294032875,2017,2020-09-26,NA,0,0
2017-09-26,22.9194,24.320537120833357,25.04911557668171,0,60.23082605620612,11.905512843470905,0.223294032875,2017,2020-09-26,NA,0,0
2017-09-27,21.3939,22.791677445833354,24.045010912711806,0,68.42490186773205,11.226914437158788,NaN,2017,2020-09-27,NA,0,0
2017-09-28,23.6286,18.05773079375002,21.869589586252317,0.03,87.89261313017772,17.16203653805795,0.3150963877368421,2017,2020-09-28,NA,0,0.03
2017-09-29,21.6342,15.781460325000028,21.56933182019328,0.03,72.7150685177912,11.526894015285269,NaN,2017,2020-09-29,NA,0,0.03
2017-09-30,22.9851,15.971589204166687,20.839521643149304,0.05,105.42694762061709,24.034724427140418,0.20434919425714285,2017,2020-09-30,NA,0,0.05
2017-10-01,19.016099999999998,14.494389070833355,20.07323594285185,0.08,108.08435416614678,22.839070348234362,0.2580884142173913,2017,2020-10-01,NA,0,0.08
2017-10-02,21.4515,15.860618075000026,19.802971271510426,0,86.32044185880704,8.556037399655507,0.10189504076190475,2017,2020-10-02,NA,0,0
2017-10-03,20.8647,18.632481552083352,20.89020140119676,0,84.05324503482349,3.446529423867044,0.13932835963636364,2017,2020-10-03,NA,0,0
2017-10-03,20.8647,18.632481552083352,20.89020140119676,0,84.05324503482349,3.446529423867044,0.13932835963636364,2017,2020-10-03,NA,0,0
2017-10-04,12.6675,20.116542914889436,21.497656460059027,0.3,71.32798571856104,8.681279449487079,0.13961101666666667,2017,2020-10-04,NA,0,0.3
2017-10-05,5.0022,18.93993597633915,20.90155727497106,17.35,89.07925454563845,8.413961589496386,0.07126666666666667,2017,2020-10-05,NA,1.12,17.35
2017-10-06,10.836,20.864097331250026,20.867816732356477,17.35,55.33624944901375,5.505271778086292,0.15279038855555555,2017,2020-10-06,NA,0,17.35
2017-10-07,15.2523,21.74265530227467,21.697418145048605,0.08,67.50197884371323,1.5527685695686833,0.21576291520588237,2017,2020-10-07,NA,0.82,0.08
2017-10-08,6.6231,18.43005235498588,21.57152279492245,21.54,95.62590462342376,7.174523764449989,0.08833711088888889,2017,2020-10-08,NA,0.93,21.54
2017-10-09,5.0985,20.138817554903962,19.66341423615972,23.67,89.94114074739875,7.27074445700191,0.0343,2017,2020-10-09,NA,0,23.67
2017-10-10,9.747,17.922296118690486,19.36304214399767,0.08,72.73280961811325,5.532342401722901,0.07151762453333334,2017,2020-10-10,NA,0,0.08
2017-10-10,9.747,17.922296118690486,19.36304214399767,0.08,72.73280961811325,5.532342401722901,0.07151762453333334,2017,2020-10-10,NA,0.06,0.08
2017-10-11,6.0246,18.487690306156107,20.49051504058565,0.18,92.73915385822895,3.2872061457847743,0.0723605226,2017,2020-10-11,22.1,0.04,0.18
2017-10-12,7.9353,15.783546581941318,19.814738251717593,0.05,76.43734857269475,5.406752384393876,0.056094271083333334,2017,2020-10-12,0,0,0.05
2017-10-13,15.8643,18.184630281607912,19.716645220008107,0,84.96236781121563,2.109834082180066,0.03684,2017,2020-10-13,0,0,0
2017-10-14,19.5399,18.994854018750026,20.356403083546297,0,91.07351644746348,-6.147441334319832,0.078482353,2017,2020-10-14,0,0,0
2017-10-15,6.0498,19.933939643750026,20.801760068115744,0.1,137.050771900821,-8.798896661045125,0.09973148205882353,2017,2020-10-15,0,0,0.1
2017-10-16,19.7127,11.661664708788294,19.0167393418831,0.1,87.78850146022532,4.563923645744917,0.07064945583333333,2017,2020-10-16,0,0,0.1
2017-10-17,20.1852,10.601823439583358,17.820102521460644,0,93.57932722212888,4.043139613620354,0.081929254000000007,2017,2020-10-17,0,0,0
2017-10-17,20.1852,10.601823439583358,17.820102521460644,0,93.57932722212888,4.043139613620354,0.081929254000000007,2017,2020-10-17,0,0,0
2017-10-18,19.264499999999998,11.169699233333358,17.519412752766197,0,113.7431131087718,3.2919095908308154,0.03225714285714286,2017,2020-10-18,0,-9,0
2017-10-19,18.5616,13.512992843750023,17.872122926173606,0,99.18198291830389,2.5854647981504084,0.04768173925,2017,2020-10-19,0,-9,0
2017-10-20,18.4185,14.609516910416687,17.764971025336774,0,89.8542215208015,1.6416619340088745,0.028931428571428573,2017,2020-10-20,0,-9,0
2017-10-21,14.9148,15.052497064583358,18.609858052212964,0,107.99466741285879,-1.3089991381854196,0.06880592306666666,2017,2020-10-21,0,-9,0
2017-10-22,16.8417,16.371301725000023,18.5943027050081,0,112.59597253196979,-10.284827427633138,0.08309299357692307,2017,2020-10-22,0,-9,0
2017-10-23,3.7719,17.218792524086567,18.34826697426157,6.05,78.4752198547714,-1.0678337907841655,0.07597648647368421,2017,2020-10-23,13.6,-9,6.05
2017-10-24,7.8048,9.696575834374398,17.36204388002431,7.75,104.47866940226521,2.7436405652287217,-0.0132,2017,2020-10-24,4.3,-9,7.75
2017-10-24,7.8048,9.696575834374398,17.36204388002431,7.75,104.47866940226521,2.7436405652287217,-0.0132,2017,2020-10-24,4.3,0,7.75
2017-10-25,13.9473,7.389870383460747,16.356546421243053,1.96,105.99533166368441,3.2036227375909174,0.00198,2017,2020-10-25,0.7000000000000001,0.02,1.96
2017-10-26,16.9776,5.642563602083354,14.915917327236109,0.08,78.68601816968348,12.506177868633287,0.01910846153846154,2017,2020-10-26,0,0.01,0.08
2017-10-27,9.3825,11.435518131107335,15.343843609842592,1.02,84.53619912292272,7.538610846322142,0.016722608695652175,2017,2020-10-27,21.7,0.8,1.02
2017-10-28,4.5549,3.3486087151241493,14.760225842281258,19.76,65.61387565027411,5.196381979955944,NaN,2017,2020-10-28,2.4,0.18,19.76
2017-10-29,4.7367,3.2704366368684163,11.766123859057872,1.85,60.388815351091345,6.895090998731472,NaN,2017,2020-10-29,0,0,1.85
2017-10-30,4.1517,3.111381016073915,11.160444458625,1.65,60.0459296913604,6.941987791027482,NaN,2017,2020-10-30,2.3,0.08,1.65
2017-10-31,11.8512,3.465452658886047,11.19955088045833,1.65,62.492601342648015,12.881426425588472,NaN,2017,2020-10-31,0,0,1.65
2017-10-31,11.8512,3.465452658886047,11.19955088045833,1.65,62.492601342648015,12.881426425588472,NaN,2017,2020-10-31,0,0,1.65
2017-11-01,1.8045,3.0809529842698162,9.93909933909607,5.89,62.35558204151721,19.59959012568677,NaN,2017,2020-11-01,0,0.64,5.89
2017-11-02,5.7267,14.670841350069166,9.722362826467592,18.03,55.87870985781977,21.739575470293683,NaN,2017,2020-11-02,NA,0.01,18.03
2017-11-03,11.3661,14.604346525322379,11.930437772902778,6.71,53.13242192837035,23.52256202997489,NaN,2017,2020-11-03,0,0.72,6.71
2017-11-04,4.8915,9.093666967093771,12.336086740853014,6.71,46.31486152080914,20.00100424493252,0.017093333333333335,2017,2020-11-04,0.1,0,6.71
2017-11-05,3.7854,16.74217091088171,12.475410725731484,NA,-14.033810974791622,-14.191356593781281,0.03239160615,2017,2020-11-05,34.1,2.17,34.1
2017-11-06,6.6258,12.009616567585207,14.378821691337954,43.33,61.858785092548516,22.68660825146099,NaN,2017,2020-11-06,6.6000000000000005,0.16,43.33
2017-11-07,6.9687,7.3854985925202525,12.857376238016206,6.27,63.51261243555257,28.01704587229445,NaN,2017,2020-11-07,2.8000000000000003,0.11,6.27
2017-11-07,6.9687,7.3854985925202525,12.857376238016206,6.27,63.51261243555257,28.01704587229445,NaN,2017,2020-11-07,2.8000000000000003,0,6.27
2017-11-08,14.2947,6.832139825621497,11.923575735612271,2.9,45.93886271555637,17.66635200097241,0.03785555555555555,2017,2020-11-08,0,0,2.9
2017-11-09,15.5097,4.604044081250027,11.710184430038193,0,42.843565097308876,18.27569417006885,-0.00326,2017,2020-11-09,0,0.01,0
2017-11-10,14.2569,0.5899494458333585,10.243216876684034,0,74.7872587635661,49.692743688743114,0.002918236842105263,2017,2020-11-10,0,0,0
2017-11-11,11.0997,-0.8732822770833136,9.440540639408566,0,70.29098720121512,52.58521785575,0.002759409090909091,2017,2020-11-11,0,0,0
2017-11-12,3.6045,3.156173055449338,8.999484423913195,0.2,32.95039015322459,14.132082813048342,-0.0028699,2017,2020-11-12,4.2,0.15,0.2
2017-11-13,3.9546,4.5227650242528314,8.817298358724537,2.08,34.82136300494542,15.531925200446942,-0.0103,2017,2020-11-13,0,0,2.08
2017-11-14,14.0931,3.5914252750000237,8.036378281262731,0,39.542365245054036,14.767688479023356,0.011433333333333334,2017,2020-11-14,0,0,0
2017-11-14,14.0931,3.5914252750000237,8.036378281262731,0,39.542365245054036,14.767688479023356,0.011433333333333334,2017,2020-11-14,0,0,0
2017-11-15,1.6785,4.136860084436063,7.615777497597222,7.72,41.405329050631735,16.30930562298803,0.0025256666666666665,2017,2020-11-15,8.2,0.33,7.72
2017-11-16,4.014,4.231892741666687,7.5403327049363424,7.72,48.60928027768098,18.19487225054271,NaN,2017,2020-11-16,0,0,7.72
2017-11-17,11.5353,4.480117058333353,7.120625601061343,0,58.36269822847705,20.463318213442157,0.004503823529411765,2017,2020-11-17,0.1,0,0
2017-11-18,2.0718,12.141282354961646,7.669200733222222,-Inf,29.174172372530297,-19.668863704645975,NaN,2017,2020-11-18,17.3,0.66,17.3
2017-11-19,3.4839,3.452473858196104,9.028303607335648,-Inf,44.3796799490232,14.585812413388583,NaN,2017,2020-11-19,0.1,0.01,0.1
2017-11-20,13.776299999999999,1.1669752812500238,8.161357774173611,-Inf,50.84928873775878,17.27191097090911,NaN,2017,2020-11-20,0.1,0.01,0.1
2017-11-21,11.7774,6.555366531250022,7.542482115953704,-Inf,40.320984772678955,5.97489779548647,NaN,2017,2020-11-21,0.4,0,0.4
2017-11-21,11.7774,6.555366531250022,7.542482115953704,-Inf,40.320984772678955,5.97489779548647,NaN,2017,2020-11-21,0.4,0.02,0.4
2017-11-22,7.0461,1.6759248256775823,7.117208379175926,-Inf,33.84187408343392,9.744994273982046,NaN,2017,2020-11-22,0,0,0
2017-11-23,9.1251,0.03535842291669292,6.647147011402778,-Inf,34.992742878063346,7.972007596183112,NaN,2017,2020-11-23,0,0.01,0
2017-11-24,12.6846,3.2222153500000226,6.403394635278936,-Inf,35.28249402195503,-6.215547263021323,NaN,2017,2020-11-24,0,0,0
2017-11-25,12.8115,9.855258166666687,6.628331425078704,-Inf,34.39504678979576,-5.656214253349428,NaN,2017,2020-11-25,0,0,0
2017-11-26,12.744,2.344725506250023,6.980724648972222,-Inf,33.518925529695096,-3.2373172180067855,NaN,2017,2020-11-26,0,0,0
2017-11-27,12.0771,4.419143118750025,7.110824143934027,-Inf,34.01545921892142,-6.578644023897954,0.006931,2017,2020-11-27,0,0,0
2017-11-28,12.4839,7.849237402083356,7.0014538742288295,-Inf,32.53651273433967,-12.343916767991892,0.009121250000000001,2017,2020-11-28,0,0,0
2017-11-28,12.4839,7.849237402083356,7.0014538742288295,-Inf,32.53651273433967,-12.343916767991892,0.009121250000000001,2017,2020-11-28,0,0,0
2017-11-29,11.9952,8.291486950000026,7.065114310123595,-Inf,28.451874307416176,-4.372665222728055,0.009587653333333333,2017,2020-11-29,0,0,0
2017-11-30,3.5208,6.330769681250023,7.616311570218616,-Inf,26.075691968787755,-2.0714788644258055,-0.002346666666666666,2017,2020-11-30,2.6,0.11,2.6
2017-12-01,12.5199,2.4940562500000225,7.110445416666667,-Inf,25.853435041666668,0.9848782291666665,0.0019887777777777777,2017,2020-12-01,0,0.01,0
2017-12-02,11.7855,2.7121958333333502,6.480509583333333,-Inf,25.612443979166667,-4.894090145833333,0.0088775,2017,2020-12-02,0,0,0
2017-12-03,12.2859,3.3181208333333614,6.280308958333333,-Inf,19.781010416666668,-2.6690974375,-1.3433333333333342e-4,2017,2020-12-03,0,0,0
2017-12-04,8.2773,6.532685416666689,6.589352708333333,-Inf,27.895746458333335,-24.128320245833333,0.015080925925925926,2017,2020-12-04,0.9,0.04,0.9
2017-12-05,4.3254,8.718812500000025,7.296888958333334,-Inf,22.799135,-11.564514127083333,0.0366,2017,2020-12-05,14.1,0.5,14.1
2017-12-06,11.6298,1.108008333333352,6.23359875,-Inf,26.0691595625,2.4116553520833333,0.0016546666666666667,2017,2020-12-06,0,NA,0
2017-12-07,5.2821,-0.637508333333308,5.703366458333333,-Inf,21.612741833333335,-2.7337126791666666,NaN,2017,2020-12-07,0,NA,0
2017-12-08,12.456,-4.63497083333331,4.622009791666667,-Inf,22.564200625,0.5621757062500001,6.1005e-4,2017,2020-12-08,0,NA,0
2017-12-09,3.2085,-4.187164583333311,4.061041875,-Inf,23.267468375,2.9644288541666666,0.0015612857142857143,2017,2020-12-09,0,NA,0
2017-12-10,6.8427,-2.273681249999978,3.2700047916666666,-Inf,20.859228333333334,1.3239258708333335,NaN,2017,2020-12-10,0,NA,0
2017-12-11,8.4555,-1.2477041666666437,2.8820485,-Inf,20.241997916666666,0.22661907083333338,NaN,2017,2020-12-11,0,NA,0
2017-12-12,7.1595,-0.4699916666666451,2.6865623125,-Inf,19.38598770833333,-1.117898638125,NaN,2017,2020-12-12,0,NA,0
2017-12-13,4.7583,-4.900577083333313,2.155810625,-Inf,26.193909666666666,2.4749878410416666,NaN,2017,2020-12-13,0,NA,0
2017-12-14,6.3135,-1.6812083333333092,1.8999475,-Inf,20.600929125,11.411512736875,NaN,2017,2020-12-14,0,NA,0
2017-12-15,4.8222000000000005,-4.701595833333314,2.571326875,-Inf,19.384067541666667,3.7195114452083335,NaN,2017,2020-12-15,0,NA,0
2017-12-16,12.0861,2.5784750000000236,2.150169375,-Inf,14.253983354166667,-0.6949615145833334,NaN,2017,2020-12-16,0,NA,0
2017-12-17,3.1391999999999998,0.7905166666666948,2.847871875,-Inf,16.89890220625,2.1411177291666665,NaN,2017,2020-12-17,0.7,NA,0.7
2017-12-18,2.8665,4.41921041666669,2.9895804166666666,-Inf,18.949181770833334,8.009363317083332,NaN,2017,2020-12-18,0.30000000000000004,NA,0.30000000000000004
2017-12-19,4.2444,7.103712500000021,3.16285125,-Inf,18.207877333333332,10.723898652083333,0.004975,2017,2020-12-19,0,NA,0
2017-12-20,10.3842,3.6284812500000236,3.6550885416666667,-Inf,20.087931875,8.8675821875,0.021438,2017,2020-12-20,0,NA,0
2017-12-21,12.096,2.260285416666688,3.9078891666666666,-Inf,18.415868145833333,2.3303770125,0.00723053125,2017,2020-12-21,0,NA,0
2017-12-22,1.6713,8.968829166666687,4.185362291666666,-Inf,12.929008479166667,6.063981733333333,0.03372286,2017,2020-12-22,1.3,NA,1.3
2017-12-23,2.7161999999999997,4.195495833333356,4.185029583333333,-Inf,19.549270208333333,13.010322370833332,NaN,2017,2020-12-23,17.8,NA,17.8
2017-12-24,4.0293,0.01604791666669077,4.376104375,-Inf,21.0160575,14.129164154166666,8.096666666666667e-4,2017,2020-12-24,0,NA,0
2017-12-25,12.2913,-5.42586458333331,2.4908566666666667,-Inf,17.899129791666667,11.935030635416666,NaN,2017,2020-12-25,0,NA,0
2017-12-26,8.7894,-8.330029166666645,1.8332235416666667,-Inf,17.946331041666667,11.905168885416666,NaN,2017,2020-12-26,0,NA,0
2017-12-27,12.9762,-13.398641666666643,2.1134075,-Inf,19.010490833333332,15.388330999999999,5.115e-4,2017,2020-12-27,0,NA,0
2017-12-28,9.774,-11.872858333333307,2.5900179166666666,-Inf,28.237842291666666,46.09649708333333,-3.416756097560975e-4,2017,2020-12-28,0,NA,0
2017-12-29,6.8742,-7.744772916666643,2.600148125,-Inf,20.848922291666668,17.083809489583334,-5.890000000000001e-4,2017,2020-12-29,0,NA,0
2017-12-30,4.9563,-9.099197916666645,2.4970214583333332,-Inf,19.14742791666667,13.725580916666667,NaN,2017,2020-12-30,0,NA,0
2017-12-31,8.0145,-14.236579166666642,2.3156120833333333,-Inf,12.516958916666667,8.501898341666667,-0.007084999999999999,2017,2020-12-31,0,NA,0
2018-01-01,13.7628,-19.20686249999998,2.2353704166666666,-Inf,4.817804829166667,2.5690685191666667,NaN,2018,2020-01-01,0,NA,0
2018-01-02,14.031,-19.40386458333331,2.157536041666667,-Inf,5.389059354166666,3.713625572916667,NaN,2018,2020-01-02,0,NA,0
2018-01-03,12.1275,-16.275899999999975,2.1110558333333334,-Inf,10.8858181375,8.882916008333334,NaN,2018,2020-01-03,0,NA,0
2018-01-04,11.6478,-11.581862499999975,2.1076210416666665,-Inf,9.659331652083333,9.237510664583333,NaN,2018,2020-01-04,0,NA,0
2018-01-05,14.0535,-15.389929166666642,2.1098429166666666,-Inf,10.461020391666667,9.86027799375,NaN,2018,2020-01-05,0,NA,0
2018-01-06,13.995,-17.821254166666645,2.1490804166666666,-Inf,10.0562832875,10.35352861875,NaN,2018,2020-01-06,0,NA,0
2018-01-07,11.2572,-11.81477499999998,2.1247191666666665,-Inf,15.479757333333334,1.4396538125,NaN,2018,2020-01-07,0,NA,0
2018-01-08,2.0889,1.1851895833333568,2.1077833333333333,-Inf,6.2863410125,-3.9144948166666667,NaN,2018,2020-01-08,8.1,NA,8.1
2018-01-09,9.2115,1.7661187500000228,2.356960208333333,-Inf,3.4069365125,-1.64264726875,NaN,2018,2020-01-09,0,NA,0
2018-01-10,7.3503,4.535400000000023,2.70966375,-Inf,-12.366262757083334,-17.836272583333333,NaN,2018,2020-01-10,0.30000000000000004,NA,0.30000000000000004
2018-01-11,2.6316,10.35899791666669,2.847344375,-Inf,-21.333741895833334,-29.903734483333334,NaN,2018,2020-01-11,2.8000000000000003,NA,2.8000000000000003
2018-01-12,2.2644,3.7285312500000223,2.79817875,-Inf,3.1339211145833334,-4.135384183333334,NaN,2018,2020-01-12,13.9,NA,13.9
2018-01-13,10.7388,-8.159718749999977,2.5887595833333332,-Inf,27.9933672125,23.433308364583333,NaN,2018,2020-01-13,0.1,NA,0.1
2018-01-14,13.9176,-9.932016666666645,2.340815,-Inf,10.205749447916666,5.282244479166667,NaN,2018,2020-01-14,0,NA,0
2018-01-15,6.5547,-6.7466354166666465,2.2554441666666665,-Inf,10.450505391875,7.59208845,NaN,2018,2020-01-15,0,NA,0
2018-01-16,14.4612,-12.395216666666645,2.316080625,-Inf,2.763272875,-9.7771883125,NaN,2018,2020-01-16,0,NA,0
2018-01-17,14.3208,-11.939360416666641,2.429465625,-Inf,3.52522059375,-12.121645708333332,NaN,2018,2020-01-17,0,NA,0
2018-01-18,15.5511,-8.176543749999981,2.5246922916666668,-Inf,1.7368216291666667,-13.300157291666666,-7.071428571428571e-4,2018,2020-01-18,0.1,NA,0.1
2018-01-19,15.3261,-2.805183333333312,2.5879372916666665,-Inf,3.5950061354166665,-15.3321563125,5.082235294117647e-4,2018,2020-01-19,0,NA,0
2018-01-20,13.365,2.423279166666685,2.7534735416666667,-Inf,1.5794588354166665,-14.895612145833333,-8.78074074074074e-5,2018,2020-01-20,0.2,NA,0.2
2018-01-21,3.8637,5.398964583333357,3.001264375,-Inf,-1.0579996645833334,-12.533082145833333,0.007227829411764706,2018,2020-01-21,0.4,NA,0.4
2018-01-22,3.645,7.474243750000022,3.133899375,-Inf,-5.922494833333333,-21.173551762291666,0.012018111111111111,2018,2020-01-22,5.7,NA,5.7
2018-01-23,2.7045,4.600397916666686,3.145285,-Inf,9.996373902083333,-10.525816943541667,0.00239,2018,2020-01-23,1.8,NA,1.8
2018-01-24,3.8664,-0.6453645833333077,3.7307689583333334,-Inf,11.738962145833334,-7.8652533404166665,NaN,2018,2020-01-24,0.1,NA,0.1
2018-01-25,11.884500000000001,-2.233704166666648,2.9699454166666666,-Inf,14.950241666666667,-9.798900158333334,NaN,2018,2020-01-25,0.1,NA,0.1
2018-01-26,15.2901,2.5634541666666912,2.7471085416666665,-Inf,12.435535570833332,-21.464272876666666,0.004155750000000001,2018,2020-01-26,0,NA,0
2018-01-27,1.6749,7.923464583333356,3.0683820833333333,-Inf,13.422697354166667,-25.024309822916667,0.001268708695652174,2018,2020-01-27,12.1,NA,12.1
2018-01-28,15.5628,3.3194645833333567,3.7311672916666665,-Inf,11.291395583333333,-6.305486345833334,0.0110308,2018,2020-01-28,0.1,NA,0.1
2018-01-29,3.4632,-0.5439770833333135,3.967245833333333,-Inf,12.8146050625,-8.696578166666667,NaN,2018,2020-01-29,0,NA,0
2018-01-30,13.4748,-2.8269541666666456,3.3411408333333332,-Inf,14.088972770833333,-3.5445244375,0.002161909090909091,2018,2020-01-30,0,NA,0
2018-01-31,12.1329,1.4229791666666902,3.321588541666667,-Inf,21.199677854166666,-7.00900701875,1.1370588235294083e-4,2018,2020-01-31,0.1,NA,0.1
2018-02-01,4.6638,2.9034187500000193,3.1312660416666667,-Inf,13.4897038,-6.3479658875,9.85857142857143e-4,2018,2020-02-01,0,NA,0
2018-02-02,18.4077,-7.308404166666647,1.4923959166666667,-Inf,20.552539166666666,1.081981185,0.01855,2018,2020-02-02,0,NA,0
2018-02-03,7.713,-4.874564583333313,1.777089375,-Inf,36.29601604166667,15.779431160416667,0.0035151333333333333,2018,2020-02-03,0,NA,0
2018-02-04,3.0123,1.6112354166666876,3.1993372916666667,-Inf,26.417485499999998,-4.48983859,0.006290625,2018,2020-02-04,1.8,NA,1.8
2018-02-05,15.1668,-6.621572916666644,1.3414813958333334,-Inf,20.199067083333333,1.9590003683333332,-0.0016571666666666668,2018,2020-02-05,0,NA,0
2018-02-06,8.2179,-3.3635833333333096,2.115482291666667,-Inf,15.975504291666667,6.890710441875,1.894782608695653e-4,2018,2020-02-06,0.5,NA,0.5
2018-02-07,14.6853,-3.938699999999977,2.6001245833333333,-Inf,14.316698483333333,6.542574645833334,0.005106052631578948,2018,2020-02-07,1.6,NA,1.6
2018-02-08,17.4438,-6.030966666666643,2.098555,-Inf,21.39175979166667,7.431602122916667,-1.225e-4,2018,2020-02-08,0,NA,0
2018-02-09,11.9808,0.5296020833333562,2.3633283333333335,-Inf,10.223513020833334,-4.934324561,0.0019691827586206896,2018,2020-02-09,1.1,NA,1.1
2018-02-10,3.7494,1.4638250000000212,2.533759375,-Inf,12.280242135416668,-2.878640965333333,0.014332941176470588,2018,2020-02-10,0,NA,0
2018-02-11,3.204,-0.8146499999999767,2.497312083333333,-Inf,15.432871395833333,4.3699861645833336,-0.0019428249999999998,2018,2020-02-11,3,NA,3
2018-02-12,18.1215,-2.699454166666643,2.234054791666667,-Inf,14.137740608333333,-0.65504354375,0.002900090909090909,2018,2020-02-12,0,NA,0
2018-02-13,13.6017,-2.1421354166666426,2.888489375,-Inf,13.972903431041667,-3.2558089129166667,NaN,2018,2020-02-13,0,NA,0
2018-02-14,3.1545,4.183922916666691,2.9334310416666667,-Inf,10.490659116458334,-6.2208237875,NaN,2018,2020-02-14,2.6,NA,2.6
2018-02-15,5.2182,14.225585416666688,3.50956625,-Inf,9.042209668749999,-6.226418933333333,NaN,2018,2020-02-15,23.8,NA,23.8
2018-02-16,6.8985,8.824491666666686,6.827752083333333,-Inf,11.543612814583334,-4.0736865125,0.00499,2018,2020-02-16,9,NA,9
2018-02-17,3.5478,0.6064708333333565,5.733175416666667,-Inf,24.00889768125,7.206317645833334,0.0016120384615384616,2018,2020-02-17,2.4,NA,2.4
2018-02-18,15.3243,2.28758958333335,4.367097291666667,-Inf,22.090148416666665,-4.712965839583333,9.958e-4,2018,2020-02-18,0.1,NA,0.1
2018-02-19,9.3771,11.362939583333356,5.580147083333333,-Inf,10.430335147916667,-15.25161371875,NaN,2018,2020-02-19,4.7,NA,4.7
2018-02-20,15.7248,18.82415208333336,7.976678541666667,-Inf,-11.668144208333334,-39.50042845833333,NaN,2018,2020-02-20,0,NA,0
2018-02-21,4.8519,12.591408333333357,9.85553625,-Inf,8.981742614583332,-20.786583614583332,NaN,2018,2020-02-21,18.8,NA,18.8
2018-02-22,6.0309,4.739125000000025,7.019318541666666,-Inf,16.237268804166668,-5.490866020833334,0.0022285714285714287,2018,2020-02-22,8.8,NA,8.8
2018-02-23,4.0662,10.116631250000024,6.941878541666667,-Inf,32.043829458333335,-1.4405290354166667,-0.001535,2018,2020-02-23,16.8,NA,16.8
2018-02-24,4.0518,9.15607500000002,8.085815,-Inf,31.3728775625,-1.0832879145833334,0.037677999999999996,2018,2020-02-24,45.9,NA,45.9
2018-02-25,12.2643,9.396210416666687,8.730943958333333,-Inf,33.12054666666667,-1.2699269770833335,NaN,2018,2020-02-25,4.5,NA,4.5
2018-02-26,22.703400000000002,5.683964583333359,8.306817833333334,-Inf,30.776585,2.8062111791666666,-0.010955310000000001,2018,2020-02-26,0,NA,0
2018-02-27,22.059,5.849937500000027,7.847458041666666,-Inf,41.72735875,-12.439057133333334,0.01053135,2018,2020-02-27,0,NA,0
2018-02-28,8.0343,10.586395833333356,8.483851583333333,-Inf,17.4676769375,-10.537267566666667,0.005825,2018,2020-02-28,4.4,NA,4.4
2018-03-01,3.7125,10.296316666666685,9.129337,-Inf,34.98066058333333,1.660518841,0.00443,2018,2020-03-01,14.6,NA,14.6
2018-03-02,24.1524,3.78034166666669,8.683861166666667,-Inf,47.046403958333336,11.137893879166667,0.0064080000000000005,2018,2020-03-02,0,NA,0
2018-03-03,23.0229,1.9134208333333593,7.820183999999999,-Inf,41.933501041666666,12.862450333333333,0.016289,2018,2020-03-03,0,NA,0
2018-03-04,23.2767,2.4603375000000205,7.347434375,-Inf,49.426564541666664,16.519893352083333,0.00912085,2018,2020-03-04,0.1,NA,0.1
2018-03-05,15.9894,2.653568750000016,6.72922325,-Inf,77.44945354166667,24.027903208333335,0.021792608695652173,2018,2020-03-05,0.2,NA,0.2
2018-03-06,20.2527,6.437914583333359,7.33834325,-Inf,57.623022291666665,12.552850889583333,0.025576476923076925,2018,2020-03-06,0.2,NA,0.2
2018-03-07,12.4956,1.6924479166666906,7.4565305833333335,-Inf,49.493892083333336,15.774458147916667,NaN,2018,2020-03-07,0.1,NA,0.1
2018-03-08,12.0798,-1.2928520833333106,6.556487729166666,-Inf,47.435841458333336,15.351969938333333,NaN,2018,2020-03-08,0,NA,0
2018-03-09,20.5209,-0.24001666666664553,5.774632375,-Inf,48.255822708333334,13.952444016666666,NaN,2018,2020-03-09,0,NA,0
2018-03-10,24.1047,1.9693437500000204,6.211016645833333,-Inf,43.021871041666664,18.194766583333333,0.010371,2018,2020-03-10,0,NA,0
2018-03-11,15.5682,1.3741187500000198,5.8564544375,-Inf,47.99357875,21.571463270833334,0.02205794871794872,2018,2020-03-11,0,NA,0
2018-03-12,12.2967,1.2314291666666872,5.583714020833334,-Inf,51.97105083333334,19.8878070625,0.036908333333333335,2018,2020-03-12,0.2,NA,0.2
2018-03-13,16.3953,-0.795185416666642,5.565531333333333,-Inf,50.286432708333336,18.042918458333332,0.0187,2018,2020-03-13,0.8,NA,0.8
2018-03-14,21.6729,-1.0149479166666435,5.129147333333334,-Inf,52.211545625,19.952612479166667,2.06e-4,2018,2020-03-14,0,NA,0
2018-03-15,27.2196,4.34438750000002,5.4109788750000005,-Inf,49.656556875,17.771830208333334,5.0022e-4,2018,2020-03-15,0,NA,0
2018-03-16,23.148,1.3516875000000255,6.2382906875,-Inf,54.14837833333333,25.327286145833334,0.00688628125,2018,2020-03-16,0,NA,0
2018-03-17,7.5717,2.9574666666666887,6.292838770833334,-Inf,46.18754083333334,17.247473554166667,0.026570416666666666,2018,2020-03-17,5.3,NA,5.3
2018-03-18,25.695,4.4080062500000246,6.374660770833334,-Inf,30.195286729166668,12.107851729166667,0.00968091304347826,2018,2020-03-18,0,NA,0
2018-03-19,22.518,6.244737500000022,8.3747561875,-Inf,54.851044791666666,2.1587641770833335,0.09802136086956521,2018,2020-03-19,0,NA,0
2018-03-20,4.8051,2.2533666666666896,7.456530666666667,-Inf,61.016936875,22.729843989583333,0.104551475,2018,2020-03-20,4.1,NA,4.1
2018-03-21,10.1709,-0.6003687499999751,4.810950520833334,-Inf,49.20248041666667,19.966401958333332,0.011819166666666667,2018,2020-03-21,0.7000000000000001,NA,0.7000000000000001
2018-03-22,29.5731,-0.27189374999998134,5.1836954791666665,-Inf,51.85972125,14.738999277083334,NaN,2018,2020-03-22,0,NA,0
2018-03-23,28.3014,1.6730708333333542,6.3382954583333335,-Inf,49.375385625,15.509445056666667,0.027059999999999997,2018,2020-03-23,0,NA,0
2018-03-24,3.6008999999999998,1.0749583333333526,6.529213583333333,-Inf,57.807588125,28.315070916666667,0.016780625,2018,2020-03-24,0.1,NA,0.1
2018-03-25,27.3411,2.244033333333357,4.4291143125,-Inf,78.50239625,21.2176175,0.01978825,2018,2020-03-25,0,NA,0
2018-03-26,12.4983,5.270141666666695,5.774632395833334,-Inf,67.965034375,-2.5277295437499996,0.011085714285714286,2018,2020-03-26,1.1,NA,1.1
2018-03-27,2.9889,10.54963958333335,6.8474106875,-Inf,37.441670125,2.64157518125,0.007811666666666666,2018,2020-03-27,12.5,NA,12.5
2018-03-28,5.0895,10.772104166666692,8.183837333333333,-Inf,50.5669275,14.047694479166667,0.1016619,2018,2020-03-28,8.2,NA,8.2
2018-03-29,3.4794,11.066729166666684,8.502034270833333,-Inf,46.82116395833334,13.525703014583334,0.00522,2018,2020-03-29,29.9,NA,29.9
2018-03-30,14.2776,6.680662500000022,8.365664104166667,-Inf,55.1204475,19.284995333333335,NaN,2018,2020-03-30,5,NA,5
2018-03-31,16.8165,5.723618750000021,7.574718,-Inf,50.471652291666665,11.895219431458333,NaN,2018,2020-03-31,3,NA,3
2018-04-01,22.764599999999998,6.10318541666669,8.202020124999999,-Inf,49.83687020833333,18.476341972916668,NaN,2018,2020-04-01,0,NA,0
2018-04-02,22.2894,1.9930145833333615,7.9656453958333335,-Inf,51.860024583333335,21.321912458333333,NaN,2018,2020-04-02,3,NA,3
2018-04-03,7.3610999999999995,10.192179166666692,8.465669437499999,-Inf,55.25298752083334,9.71664855,NaN,2018,2020-04-03,59.5,NA,59.5
2018-04-04,12.068999999999999,5.4051729166666895,9.902103541666667,-Inf,49.547682083333335,4.34998685625,NaN,2018,2020-04-04,0.1,NA,0.1
2018-04-05,30.3066,2.6419020833333526,7.938371395833333,-Inf,48.003293854166664,3.6774836070833334,4.02e-4,2018,2020-04-05,0,NA,0
2018-04-06,22.6539,7.922712500000023,7.965645333333333,-Inf,41.5048625625,5.847950597916666,0.024407723529411764,2018,2020-04-06,0.5,NA,0.5
2018-04-07,28.4895,0.3854520833333564,7.774727333333333,-Inf,57.01890625,24.757312320833332,0.029495714285714285,2018,2020-04-07,0,NA,0
2018-04-08,29.4435,0.7899000000000171,7.4838044375,-Inf,46.85134791666667,17.733748148541668,0.023234566666666668,2018,2020-04-08,0,NA,0
2018-04-09,6.588,1.9832500000000255,7.1292421458333335,-Inf,50.20004625,13.005388177083333,0.032343750000000004,2018,2020-04-09,0.8,NA,0.8
2018-04-10,16.3827,3.12006666666669,6.429208916666667,-Inf,43.754684375000004,8.237788314583334,0.015300000000000001,2018,2020-04-10,0,NA,0
2018-04-11,33.734700000000004,6.114512500000021,6.992871979166667,-Inf,46.314390208333336,6.2034211895833336,0.007065,2018,2020-04-11,0,NA,0
2018-04-12,34.47,17.329085416666686,10.265754645833333,-Inf,44.49472745833334,-6.3398912479166665,0.009842222222222223,2018,2020-04-12,0,NA,0
2018-04-13,32.1804,20.98910416666669,13.438632291666666,-Inf,63.396520020833336,-34.96933620833333,0.031913842857142855,2018,2020-04-13,0,NA,0
2018-04-14,6.0525,17.93266458333336,15.038709791666667,-Inf,41.541569895833334,-3.93555904375,0.021378571428571427,2018,2020-04-14,10.7,NA,10.7
2018-04-15,5.5917,12.651585416666691,13.211348333333333,-Inf,39.435701404166664,3.73565234375,0.2098738,2018,2020-04-15,6.7,NA,6.7
2018-04-16,13.3335,3.0731458333333577,8.965693208333333,-Inf,46.15888416666667,2.2156076979166666,NaN,2018,2020-04-16,0,NA,0
2018-04-17,25.4745,2.1981708333333585,7.674722583333333,-Inf,47.451904166666665,2.1471962291666666,NaN,2018,2020-04-17,0,NA,0
2018-04-18,27.171,6.6380270833333554,8.765682770833333,-Inf,42.174677083333336,8.6434021875,0.03640142727272727,2018,2020-04-18,0,NA,0
2018-04-19,24.7716,6.87705625000002,10.056654479166667,-Inf,46.3069864375,-5.280985314583333,0.01882,2018,2020-04-19,0,NA,0
2018-04-20,37.8918,7.156400000000023,10.729413145833334,-Inf,44.48898372916667,-12.303147466666667,NaN,2018,2020-04-20,NA,NA,NA
2018-04-21,28.3329,8.019222916666687,11.474902083333333,-Inf,45.383786854166665,-13.15339606875,NaN,2018,2020-04-21,NA,NA,NA
2018-04-22,20.5056,11.852320833333355,11.356713541666666,-Inf,46.4842989375,-15.002087520833333,NaN,2018,2020-04-22,NA,NA,NA
2018-04-23,8.629199999999999,12.728231250000023,11.511265208333333,-Inf,47.1774045,-13.369191645833334,NaN,2018,2020-04-23,NA,NA,NA
2018-04-24,7.5123,11.731983333333352,11.456716875,-Inf,34.830148845833335,3.80612309375,NaN,2018,2020-04-24,NA,NA,NA
2018-04-25,21.0006,13.387541666666687,12.120385833333334,-Inf,35.33560583333333,12.3414328125,NaN,2018,2020-04-25,NA,NA,NA
2018-04-26,40.3416,11.676868750000022,12.774963125,-Inf,40.486714791666664,12.032416958333334,NaN,2018,2020-04-26,NA,NA,NA
2018-04-27,37.2177,12.812283333333358,13.538636666666667,-Inf,51.06938520833334,13.100504416666666,NaN,2018,2020-04-27,NA,NA,NA
2018-04-28,18.5499,10.010143750000022,13.0386125,-Inf,65.0235875,12.805012958333334,NaN,2018,2020-04-28,NA,NA,NA
2018-04-29,39.7053,7.255866666666688,12.529497291666667,-Inf,87.89953729166666,10.053929479166667,NaN,2018,2020-04-29,NA,NA,NA
2018-04-30,40.104,11.117143750000018,13.265896458333334,-Inf,94.65176916666667,2.552426135416667,NaN,2018,2020-04-30,NA,NA,NA
2018-05-01,39.4794,16.195541666666692,15.547824375,-Inf,93.58883833333333,2.34818357,NaN,2018,2020-05-01,NA,NA,NA
2018-05-02,30.7485,20.804650000000024,17.266084583333335,-Inf,93.58883833333333,2.34818357,NaN,2018,2020-05-02,NA,NA,NA
2018-05-03,19.8873,22.77896041666669,19.01162229166667,-Inf,93.58883833333333,2.34818357,NaN,2018,2020-05-03,NA,NA,NA
2018-05-04,24.5898,22.079747916666687,19.375276666666668,-Inf,93.58883833333333,2.34818357,NaN,2018,2020-05-04,NA,NA,NA
2018-05-05,15.7113,16.280870833333356,18.2024925,-Inf,93.58883833333333,2.34818357,NaN,2018,2020-05-05,NA,NA,NA
2018-05-06,28.5363,17.65481875000002,18.547963125,-Inf,93.58883833333333,2.34818357,NaN,2018,2020-05-06,NA,NA,NA
2018-05-07,36.406800000000004,16.859481250000023,19.511646458333335,-Inf,95.85737895833333,4.370716184583333,0.14310601666666667,2018,2020-05-07,0,NA,0
2018-05-08,41.0517,16.201820833333358,19.22072375,-Inf,74.89428458333333,10.6984787,0.2249849076923077,2018,2020-05-08,0,NA,0
2018-05-09,31.4874,18.288139583333354,20.910323958333333,-Inf,100.61515625,2.9457273625,0.28594925517241376,2018,2020-05-09,0,NA,0
2018-05-10,39.1203,21.99611666666669,19.853847916666666,-Inf,106.51005645833334,-8.180957760416666,0.5274549659090909,2018,2020-05-10,0,NA,0
2018-05-11,33.786,21.576445833333356,18.780575,-Inf,90.66678795833333,2.66049084375,0.35253535,2018,2020-05-11,0,NA,0
2018-05-12,29.1438,24.686129166666692,21.381322916666665,-Inf,92.02835208333333,4.890187164061459,NaN,2018,2020-05-12,0,NA,0
2018-05-13,29.6748,23.744033333333352,21.115266666666667,-Inf,90.21697770833333,6.5620123489583335,NaN,2018,2020-05-13,0,NA,0
2018-05-14,33.2496,23.78647708333336,21.649977083333333,-Inf,92.97050125,7.95304333125,NaN,2018,2020-05-14,0,NA,0
2018-05-15,30.3066,25.543222916666682,23.523322916666668,1.37,95.72596395833334,9.00429601875,NaN,2018,2020-05-15,0,NA,1.37
2018-05-16,17.3808,20.926464583333356,23.085204166666667,6.17,96.00930479166666,9.017098279166667,NaN,2018,2020-05-16,0,NA,6.17
2018-05-17,28.5588,21.045625000000022,23.4789375,9.88,93.94488708333333,9.454873566666667,NaN,2018,2020-05-17,0,NA,9.88
2018-05-18,9.7659,20.09564791666669,23.431516666666667,7.29,94.9433875,10.566998883333333,NaN,2018,2020-05-18,0,NA,7.29
2018-05-19,18.9729,21.545237500000017,22.577483333333333,6.81,100.92604625,10.875890434791666,NaN,2018,2020-05-19,0,NA,6.81
2018-05-20,27.5625,21.98219375000002,22.61162708333333,2.31,106.90978729166666,11.599177750625,NaN,2018,2020-05-20,0,NA,2.31
2018-05-21,28.6281,21.82419375000002,22.46154375,2.46,105.86157041666667,14.0366650625,0.4875422833333333,2018,2020-05-21,0,NA,2.46
2018-05-22,28.4634,22.464887500000025,22.403579166666667,18.57,91.438421875,15.728564625,0.4546115625,2018,2020-05-22,0,NA,18.57
2018-05-23,39.6396,21.14925208333335,22.05266875,4.24,87.21167208333334,13.41516916875,0.3546406368421053,2018,2020-05-23,0,NA,4.24
2018-05-24,39.2634,20.954237500000023,22.734116666666665,0,108.12941729166667,14.7320141375,0.5563596307692308,2018,2020-05-24,0,NA,0
2018-05-25,40.3704,21.771481250000022,24.219877083333333,0,113.60875166666666,14.400919229166666,0.7917876076923077,2018,2020-05-25,0,NA,0
2018-05-26,25.1451,23.44075833333336,25.1098875,2.92,100.22670958333333,10.33093556875,0.8176649964285714,2018,2020-05-26,0,NA,2.92
2018-05-27,39.2112,25.16571250000002,24.92843125,16.15,78.726728125,13.238533885416667,0.672181234375,2018,2020-05-27,0,NA,16.15
2018-05-28,35.0622,26.390141666666686,25.85065,0,105.33620104166667,19.4320621875,0.8480616035714286,2018,2020-05-28,0,NA,0
2018-05-29,31.9356,25.49138958333336,27.082964583333332,0,132.168001875,14.472200825,0.9766822108108109,2018,2020-05-29,0,NA,0
2018-05-30,19.5228,25.286620833333355,26.97934375,3.58,156.109175,12.832717691666666,1.0831516529411764,2018,2020-05-30,0,NA,3.58
2018-05-31,30.132,24.320214583333357,26.017477083333333,12.01,113.99302208333333,14.455053125000001,0.6579464829268292,2018,2020-05-31,0,NA,12.01
2018-06-01,20.8206,22.728195833333356,25.9825875,2.46,99.96895854166667,21.795809458333334,0.8298233361111111,2018,2020-06-01,0,NA,2.46
2018-06-02,30.3201,23.14310625000002,25.12253541666667,2.46,61.342813125,17.2002841875,0.5668868352941177,2018,2020-06-02,0,NA,2.46
2018-06-03,35.7426,23.69845416666669,25.332960416666666,0.03,168.63052895833334,14.94050605625,0.8760629833333333,2018,2020-06-03,0,NA,0.03
2018-06-04,41.6907,19.616495833333357,23.845127083333335,0.03,173.30770854166667,25.396305791666666,0.7034110121951219,2018,2020-06-04,0,NA,0.03
2018-06-05,23.2866,19.48363541666669,23.704577083333334,0.03,142.64569916666667,13.342492395833332,0.5932706529411764,2018,2020-06-05,0,NA,0.03
2018-06-06,41.301,18.556439583333358,23.041104166666667,3.33,110.31531895833334,27.4160705625,0.22282794615384616,2018,2020-06-06,0,NA,3.33
2018-06-07,36.045,20.64148333333336,24.307737500000002,0,133.64069458333333,20.8265090125,0.18449601707317073,2018,2020-06-07,0,NA,0
2018-06-08,24.6897,23.97944166666669,24.76375,2.59,93.239616875,16.301832920833334,0.29049077741935486,2018,2020-06-08,0,NA,2.59
2018-06-09,32.9094,23.260968750000025,25.040795833333334,2.9,87.05248604166667,15.76187528125,0.27317035652173915,2018,2020-06-09,0,NA,2.9
2018-06-10,15.9948,22.28028958333336,26.365327083333334,2.16,93.07168875,19.075801729166667,0.43975128333333335,2018,2020-06-10,0,NA,2.16
2018-06-11,17.9703,21.63453750000002,24.88255625,2.18,83.565410625,15.9826925,0.28936107096774194,2018,2020-06-11,0,NA,2.18
2018-06-12,18.4077,22.444252083333357,25.139191666666665,1.14,79.94260208333333,14.956272816666667,0.18102687857142857,2018,2020-06-12,0,NA,1.14
2018-06-13,24.5772,23.53086041666669,25.28845625,0.15,67.210711875,13.573386625,0.2116173756097561,2018,2020-06-13,0,NA,0.15
2018-06-14,39.6126,21.59982500000002,25.017810416666666,0,114.643460625,21.531066770833334,0.1763641475,2018,2020-06-14,0,NA,0
2018-06-15,38.6721,22.596314583333356,25.981989583333334,0,106.88773520833334,20.96321019375,0.1528856842105263,2018,2020-06-15,0.1,NA,0
2018-06-16,39.8277,25.27210208333335,26.979733333333332,0,96.3793375,20.581719270833332,0.1421918064516129,2018,2020-06-16,1.3,NA,0
2018-06-17,38.7738,27.313883333333358,27.6793875,0.03,96.59140229166667,9.210409441666666,0.16239455,2018,2020-06-17,0,NA,0.03
2018-06-18,35.487,27.747295833333354,27.820333333333334,0.03,114.191410625,10.02958279375,0.14056852,2018,2020-06-18,9.4,NA,0.03
2018-06-19,30.0375,28.102252083333358,28.260654166666665,0,106.44034666666667,9.734826664583334,0.2311824475,2018,2020-06-19,3,NA,0
2018-06-20,30.6783,25.29254583333336,28.144460416666668,9.96,116.090009375,19.943111308333332,0.20071856153846154,2018,2020-06-20,0.30000000000000004,NA,9.96
2018-06-21,8.957699999999999,23.096756250000023,27.346585416666667,19.66,101.03198041666667,19.633423583333332,0.23366898,2018,2020-06-21,0,NA,19.66
2018-06-22,19.7325,22.588577083333355,24.881172916666667,19.66,97.957808125,21.199619979166666,0.10919662903225806,2018,2020-06-22,5.7,NA,19.66
2018-06-23,19.3608,21.820477083333355,25.4302375,11.96,127.84873395833333,30.442357916666666,0.09215741212121212,2018,2020-06-23,1.6,NA,11.96
2018-06-24,37.0044,23.15561250000002,25.395722916666667,0.05,93.71755083333333,15.0502368375,0.11705813448275862,2018,2020-06-24,0,NA,0.05
2018-06-25,13.9491,20.986427083333353,25.203310416666667,0.18,99.20628375,21.2783503125,0.07851082380952382,2018,2020-06-25,0,NA,0.18
2018-06-26,11.1987,20.861100000000018,24.54680625,16.08,87.10367166666667,17.55890525,0.11312713333333334,2018,2020-06-26,2,NA,16.08
2018-06-27,20.3814,22.78432708333336,22.8272125,16.08,90.09113229166667,17.768572666666667,0.10316794545454545,2018,2020-06-27,8,NA,16.08
2018-06-28,41.2065,24.263733333333356,23.544460416666666,0.08,69.55561083333333,12.182438166666666,0.16108798333333332,2018,2020-06-28,0,NA,0.08
2018-06-29,39.267,24.949616666666692,25.2981375,0.03,79.20166791666666,9.55729300625,0.09771771538461539,2018,2020-06-29,0.3,NA,0.03
2018-06-30,38.0691,26.629014583333355,27.34030625,0.03,78.88623208333334,15.695238641666666,0.15175892333333332,2018,2020-06-30,0,NA,0.03
2018-07-01,37.6362,27.117752083333354,28.595147916666665,0,139.936919375,14.172483716666667,0.16253511612903226,2018,2020-07-01,41.4,NA,0
2018-07-02,33.6465,27.185291666666693,29.705308333333335,0,129.99692833333333,24.401722708333335,0.20423737804878048,2018,2020-07-02,0,NA,0
2018-07-03,24.7086,25.367931250000026,29.431489583333335,26.9,101.563420625,19.330471145833332,0.22139430666666668,2018,2020-07-03,14.700000000000001,NA,26.9
2018-07-04,37.4922,26.480720833333354,29.073266666666665,28.73,83.88491354166666,20.953574854166668,0.19174171891891892,2018,2020-07-04,0,NA,28.73
2018-07-05,26.9757,27.172408333333355,28.614547916666666,5.05,95.61209583333333,17.9216245625,0.221184628125,2018,2020-07-05,4.8,NA,5.05
2018-07-06,34.0344,24.39413333333335,27.41945625,5.08,137.180368125,20.5979450625,0.1202431,2018,2020-07-06,2.8000000000000003,NA,5.08
2018-07-07,39.879,20.853550000000027,26.69166875,0,188.0552225,30.337017499999998,0.1361452311111111,2018,2020-07-07,0,NA,0
2018-07-08,39.717,22.27665416666669,26.90843125,0.03,141.20339791666666,32.19765508333333,0.15580344,2018,2020-07-08,0,NA,0.03
2018-07-09,35.6085,25.13756666666669,27.37175625,0.03,116.32929645833333,19.432430589583333,0.2154869625,2018,2020-07-09,0,NA,0.03
2018-07-10,35.5743,25.710781250000025,26.960820833333333,0.03,89.811968125,11.259307185416667,0.27121204666666665,2018,2020-07-10,17.5,NA,0.03
2018-07-11,36.3969,24.351735416666685,27.329766666666668,1.73,138.87281229166666,21.321592708333334,0.47569185333333336,2018,2020-07-11,0,NA,1.73
2018-07-12,36.3366,22.565268750000026,27.178125,0,162.18737208333334,25.786756083333334,0.3057399702702703,2018,2020-07-12,0,NA,0
2018-07-13,38.979,23.851054166666692,27.704083333333333,0,133.38535770833334,24.501252229166667,0.34213824242424246,2018,2020-07-13,0,NA,0
2018-07-14,3.5082,25.66840208333336,27.64385625,0,112.44508104166667,19.56907665416667,0.4142874029411765,2018,2020-07-14,0,NA,0
2018-07-15,22.5675,26.397758333333357,28.51286875,0.03,106.52566416666667,16.082426166666668,0.36432378125,2018,2020-07-15,0,NA,0.03
2018-07-16,20.9835,26.413445833333355,29.408125,0.03,110.29816645833333,24.416218833333332,0.6380163404761905,2018,2020-07-16,0,NA,0.03
2018-07-17,0,25.265072916666686,28.293310416666667,0.08,175.38814645833332,23.420414125,0.32518574,2018,2020-07-17,0,NA,0.08
2018-07-18,0,23.09271875000002,27.078697916666666,0,159.01470625,25.164539520833333,0.29317303658536586,2018,2020-07-18,0,NA,0
2018-07-19,31.9554,22.75634375000002,27.6786625,0,158.26142270833333,21.870355083333333,0.3334265966666667,2018,2020-07-19,0,NA,0
2018-07-20,4.86,21.20648750000002,27.624477083333332,8.74,147.9461525,31.547163791666666,0.3905299206896552,2018,2020-07-20,0.9,NA,8.74
2018-07-21,12.5703,20.45420000000003,25.748852083333333,27.05,136.64627270833333,31.539134708333332,0.21440934545454546,2018,2020-07-21,0,NA,27.05
2018-07-22,20.5866,22.49624583333335,25.020639583333335,8.61,98.90034041666667,20.845565041666667,0.11413169166666667,2018,2020-07-22,0,NA,8.61
2018-07-23,33.6474,21.524877083333354,24.533275,0.03,108.51751374999999,21.870260452083333,0.14048001818181818,2018,2020-07-23,0,NA,0.03
2018-07-24,22.5396,22.11418958333335,24.582627083333332,0.03,66.57537416666666,15.0101605,0.2920585391304348,2018,2020-07-24,0,NA,0.03
2018-07-25,38.088,23.686518750000022,24.643277083333334,0.05,76.72298354166666,9.658289175,0.185086116,2018,2020-07-25,0,NA,0.05
2018-07-26,31.3686,23.308483333333356,24.750060416666667,0.05,91.66312583333334,12.0157785,0.19008008108108107,2018,2020-07-26,0,NA,0.05
2018-07-27,31.0329,22.416095833333358,26.043410416666667,0,127.02381958333334,24.175240604166667,0.34568205227272725,2018,2020-07-27,0,NA,0
2018-07-28,34.7796,21.423635416666688,25.31418125,0,99.92886916666667,26.28785525,0.1650020861111111,2018,2020-07-28,0,NA,0
2018-07-29,24.1461,21.99536250000002,25.4750125,0,87.174565,25.36426702083333,0.189185,2018,2020-07-29,0,NA,0
2018-07-30,15.060599999999999,21.26864166666669,25.82359375,1.65,88.92459333333333,22.075058541666667,0.17144358095238096,2018,2020-07-30,0,NA,1.65
2018-07-31,14.189400000000001,21.65822916666669,25.194202083333334,10.13,70.664028125,20.103225333333334,0.276993572,2018,2020-07-31,0,NA,10.13
2018-08-01,18.7245,21.431972916666687,25.012910416666667,10.46,77.71268229166667,20.07553425,0.2083851688888889,2018,2020-08-01,0,NA,10.46
2018-08-02,31.8708,22.45568541666669,24.7704875,0,68.057446875,17.113845020833335,0.13563624242424244,2018,2020-08-02,0,NA,0
2018-08-03,30.8565,23.677339583333357,26.205835416666666,0.03,103.95789104166667,14.082975145833334,0.18305788157894737,2018,2020-08-03,0,NA,0.03
2018-08-04,33.1218,26.103500000000025,26.057933333333335,0.03,81.1725561875,13.521839635416667,0.19573449189189188,2018,2020-08-04,0,NA,0.03
2018-08-05,28.7703,26.360537500000024,26.367366666666666,0,84.973904,9.533798329166666,0.19663392424242424,2018,2020-08-05,0,NA,0
2018-08-06,33.5025,25.93560416666669,27.384670833333335,0,108.36156729166667,16.55481877291667,0.23774977741935485,2018,2020-08-06,0,NA,0
2018-08-07,23.6646,25.635556250000022,27.50954375,5.56,105.85661270833333,19.3834045,0.357198809375,2018,2020-08-07,0,NA,5.56
2018-08-08,23.049,25.091302083333357,27.064175,5.56,91.59987208333334,17.278355041666668,0.3285728390243903,2018,2020-08-08,0,NA,5.56
2018-08-09,32.373,24.259679166666686,26.938352083333335,11.4,102.36198145833333,17.989823708333333,0.3259664475,2018,2020-08-09,0,NA,11.4
2018-08-10,29.9196,24.93765416666669,27.04270625,0,85.46050458333333,13.415638458333333,0.5043566209302326,2018,2020-08-10,0,NA,0
2018-08-11,19.5363,24.669927083333352,27.154066666666665,1.3,90.59194229166667,22.587963458333334,0.339077525,2018,2020-08-11,0,NA,1.3
2018-08-12,26.3907,23.293487500000023,26.738445833333333,0,103.49844125,22.562093270833333,0.2605978976744186,2018,2020-08-12,0,NA,0
2018-08-13,32.4252,23.429300000000023,26.738414583333334,0,119.35741645833333,24.748955164583332,0.33780644864864867,2018,2020-08-13,0,NA,0
2018-08-14,31.3326,23.257504166666685,26.605986875,0.03,94.98549083333333,18.368514677083333,0.33639495897435895,2018,2020-08-14,0,NA,0.03
2018-08-15,12.9015,23.07346875000002,25.85740125,4.42,80.18512833333334,15.61795020625,0.2651213517241379,2018,2020-08-15,2,NA,4.42
2018-08-16,8.7363,22.165041666666685,25.139184791666665,5.41,113.87711979166667,32.46891058333333,0.375031148,2018,2020-08-16,1.4,NA,5.41
2018-08-17,13.0626,24.10709166666669,25.375560208333333,14.83,70.669953125,14.327218625,0.30759929375,2018,2020-08-17,8.1,NA,14.83
2018-08-18,23.5593,24.099897916666695,25.9301325,22.1,73.02906791666666,13.000977802083334,0.2151764642857143,2018,2020-08-18,0,NA,22.1
2018-08-19,29.9646,23.902958333333356,26.493794166666667,0.03,75.90294541666667,15.429888916666666,0.20039023243243242,2018,2020-08-19,0,NA,0.03
2018-08-20,19.8252,23.098833333333356,27.030185,6.32,90.61695104166667,14.792780854166667,0.3192757291666667,2018,2020-08-20,5.3999999999999995,NA,6.32
2018-08-21,22.5576,23.763166666666688,25.893767291666666,15.37,115.38473604166667,20.83622810416667,0.325128072,2018,2020-08-21,2,NA,15.37
2018-08-22,31.4946,21.26044583333335,25.166458958333333,3.15,183.2856125,31.75520145833333,0.22236027142857143,2018,2020-08-22,0,NA,3.15
2018-08-23,31.1454,19.530975000000026,24.930082916666667,0.03,96.16828354166667,27.850265625,0.1218287,2018,2020-08-23,0,NA,0.03
2018-08-24,24.4152,19.514281250000025,24.884627291666668,0,141.37435541666667,26.59429527083333,0.18150271764705883,2018,2020-08-24,0,NA,0
2018-08-25,10.2915,22.569139583333357,24.057313958333335,1.93,107.707075625,16.04656631875,0.22798668076923076,2018,2020-08-25,0.6000000000000001,NA,1.93
2018-08-26,30.3318,26.485964583333356,24.402785,3.2,55.027533125,1.4707700416666667,0.1434161,2018,2020-08-26,1.1,NA,3.2
2018-08-27,31.9626,27.209197916666685,26.719493541666665,3.2,83.41273375,1.1492683125,0.32796303157894735,2018,2020-08-27,0.1,NA,3.2
2018-08-28,30.0825,27.649391666666688,27.83534625,0.03,108.04529125,5.920553052083333,0.47985587291666665,2018,2020-08-28,0,NA,0.03
2018-08-29,23.0103,26.78704583333336,28.47609458333333,2.9,111.36094375,11.829815008333334,0.47046978409090906,2018,2020-08-29,0.6,NA,2.9
2018-08-30,22.8852,23.544202083333357,26.982477708333334,2.92,88.8433025,24.673962270833332,0.29639387727272726,2018,2020-08-30,0,NA,2.92
2018-08-31,26.8875,23.920525000000023,26.596045208333333,0,66.04951979166667,18.397084777083332,0.21559984838709678,2018,2020-08-31,1,NA,0
2018-09-01,16.4079,23.395402083333355,27.679276666666667,10.82,87.58269270833334,19.614377291666667,0.36857428571428574,2018,2020-09-01,3.1999999999999997,NA,10.82
2018-09-02,27.5571,25.912993750000016,27.115661666666668,10.87,74.34070283333334,10.37626116875,0.288569403125,2018,2020-09-02,0,NA,10.87
2018-09-03,24.7977,27.070785416666688,28.142945833333332,0,64.55917645833334,11.428809404166667,0.21085235806451613,2018,2020-09-03,0,NA,0
2018-09-04,27.8523,27.17986666666669,28.46050770833333,0,79.697428125,12.997401554166666,0.33044870666666665,2018,2020-09-04,0,NA,0
2018-09-05,19.9323,25.976331250000023,28.870215833333333,0.13,77.15293,22.725458120833334,0.266871596,2018,2020-09-05,3,NA,0.13
2018-09-06,18.5886,24.503606250000026,28.255268333333333,11.56,83.56256875,17.655920895833333,0.30524622258064515,2018,2020-09-06,0,NA,11.56
2018-09-07,11.817,23.053902083333355,26.773379375,0.23,77.61037729166667,20.661289375,0.22954948620689655,2018,2020-09-07,1,NA,0.23
2018-09-08,3.4848,19.020075000000023,25.482421875,49.12,71.63601041666666,16.120637520833334,0.34982595,2018,2020-09-08,28.900000000000002,NA,49.12
2018-09-09,6.0552,15.481797916666688,19.92918583333333,70.31,61.902380208333334,13.5116885625,0.01264,2018,2020-09-09,4.7,NA,70.31
2018-09-10,8.3043,15.828697916666687,18.138141875,3.05,71.51806395833333,23.74831875,0.05461836451612903,2018,2020-09-10,0.1,NA,3.05
2018-09-11,15.318900000000001,18.72961041666669,18.60033,0,51.43745895833334,11.792383714583334,0.14463039523809523,2018,2020-09-11,0,NA,0
2018-09-12,11.3535,19.749316666666694,20.3366725,0,50.00298145833333,12.091348454166667,0.13997109583333334,2018,2020-09-12,0,NA,0
2018-09-13,27.5103,21.537866666666687,20.756006041666666,0,48.643484375,13.324841122916666,0.13213944545454545,2018,2020-09-13,0,NA,0
2018-09-14,26.750700000000002,24.10302083333336,21.692843958333334,0,43.35871952083333,8.104753814583333,0.14698212,2018,2020-09-14,0,NA,0
2018-09-15,21.0339,24.582716666666688,22.024803958333333,0,29.8796946875,3.2132851541666665,0.18156552857142857,2018,2020-09-15,0,NA,0
2018-09-16,19.4058,24.374970833333357,23.706695416666665,0,46.02853414583333,3.346809925,0.21282155714285714,2018,2020-09-16,0,NA,0
2018-09-17,12.6693,24.105397916666686,23.868429166666665,0.1,54.704304791666665,0.7530193541666668,0.3989643857142857,2018,2020-09-17,0,NA,0.1
2018-09-18,19.0188,23.438106250000022,22.511225,0.1,45.33073591666667,4.109159177083334,0.21528272222222222,2018,2020-09-18,0,NA,0.1
2018-09-19,19.9764,24.54031041666669,24.018640208333334,0.1,57.250362083333336,7.240565997916667,0.15709932727272727,2018,2020-09-19,0,NA,0.1
2018-09-20,24.6033,25.73138541666669,25.022451875,0.05,70.35813089583333,3.1473843458333333,0.16924466153846154,2018,2020-09-20,0,NA,0.05
2018-09-21,17.7885,26.780764583333355,26.603394791666666,0,105.14848291666667,0.11438794583333346,0.24930265000000001,2018,2020-09-21,0,NA,0
2018-09-22,6.2973,18.069645833333354,22.936411041666666,0.33,123.49623520833333,29.933427020833335,0.127089544,2018,2020-09-22,0,NA,0.33
2018-09-23,21.5163,17.150789583333356,21.70145875,0.33,69.440855,24.4138015125,0.09912731052631579,2018,2020-09-23,0,NA,0.33
2018-09-24,2.8818,18.856060416666686,22.21861,13,73.808928125,8.1203852375,0.21959680476190477,2018,2020-09-24,9.7,NA,13
2018-09-25,5.0013000000000005,22.00512083333335,21.779560833333335,15.39,56.21040020833333,5.324460308333333,0.17934913636363636,2018,2020-09-25,0.6,NA,15.39
2018-09-26,15.3117,21.234606250000024,21.091236666666667,4.24,81.995755,10.747163435416667,0.08007751052631579,2018,2020-09-26,2,NA,4.24
2018-09-27,4.8195,14.138652083333355,18.776398333333333,4.24,71.26147020833334,15.390586166666667,0.08268086666666667,2018,2020-09-27,0,NA,4.24
2018-09-28,24.1263,14.219879166666688,17.216266458333333,0.15,81.61390541666667,10.249165954166667,0.030779285714285714,2018,2020-09-28,0,NA,0.15
2018-09-29,23.3397,15.769439583333357,18.548174375,0,97.25785583333334,24.14286906875,0.0667682,2018,2020-09-29,0,NA,0
2018-09-30,22.6584,17.883777083333356,20.022152291666668,0,57.18273395833334,14.66690156875,0.07290721578947368,2018,2020-09-30,0,NA,0
2018-10-01,20.468700000000002,19.96566041666669,20.98351625,0,78.65579875,0.7558563124999997,0.06696916,2018,2020-10-01,0,NA,0
2018-10-02,14.7195,23.64836666666669,22.005792083333333,0,58.596581020833334,1.6098687145833332,0.2518715222222222,2018,2020-10-02,0,NA,0
2018-10-03,18.0459,23.160627083333353,21.608445625,0.1,64.5804249375,-2.25580375,0.21415664736842105,2018,2020-10-03,0,NA,0.1
2018-10-04,7.6509,23.68205416666669,22.655882916666666,1.63,43.9312390625,-1.46446409375,0.20015011666666666,2018,2020-10-04,0.3,NA,1.63
2018-10-05,12.1455,19.359829166666696,20.577163541666668,1.63,57.0096530625,15.557725314583333,0.1928924705882353,2018,2020-10-05,0.2,NA,1.63
2018-10-06,18.8739,24.215595833333353,22.008030625,0.69,50.077793104166666,-5.39895594375,0.137576996,2018,2020-10-06,0,NA,0.69
2018-10-07,19.2303,24.502700000000022,23.240662083333333,0,59.37768833333333,-2.1899339875,0.138485,2018,2020-10-07,0,NA,0
2018-10-08,17.467200000000002,24.31261250000002,24.089845833333335,0.03,45.90778229166666,-0.053872041666666745,0.11408093809523809,2018,2020-10-08,0,NA,0.03
2018-10-09,18.5085,24.08141041666669,24.638089583333333,0.03,63.45615083333333,4.4271013125,0.24016052608695654,2018,2020-10-09,0,NA,0.03
2018-10-10,6.84,21.999837500000023,24.130261666666666,0.03,74.67419354166667,9.239336116666667,0.3122297090909091,2018,2020-10-10,0,NA,0.03
2018-10-11,19.0863,16.701466666666686,22.538103958333334,0.03,183.393425,52.511335708333334,0.25389741276595745,2018,2020-10-11,0,NA,0.03
2018-10-12,13.1292,8.574260416666691,19.49010145833333,0.2,138.04273395833334,56.17424125,0.1034656361111111,2018,2020-10-12,0.4,NA,0.2
2018-10-13,14.1912,6.430266666666686,17.738992083333333,2.62,122.68751895833333,64.937121875,0.03407826086956522,2018,2020-10-13,0,NA,2.62
2018-10-14,6.3063,9.054604166666687,16.548435833333333,2.97,89.17344854166667,40.39414125,0.06227245185185185,2018,2020-10-14,1.1,NA,2.97
2018-10-15,4.9446,11.382641666666688,16.349711041666666,2.97,90.23745,38.133458958333335,0.03478,2018,2020-10-15,0.1,NA,2.97
2018-10-16,16.722,6.597681250000025,15.75523375,0.51,92.11519729166668,31.756142291666666,0.023805,2018,2020-10-16,0,NA,0.51
2018-10-17,20.6658,9.591572916666687,15.126552291666666,0.03,107.07474854166666,28.467247708333336,0.030936318181818183,2018,2020-10-17,0,NA,0.03
2018-10-18,20.6289,7.802102083333357,14.499544791666667,0,69.87660354166667,37.156644375,0.028056129032258063,2018,2020-10-18,0,NA,0
2018-10-19,10.926,7.13077708333336,14.844962291666667,0,82.49778145833334,36.752352125,0.05267857142857143,2018,2020-10-19,0.6,NA,0
2018-10-20,12.8808,11.532043750000023,14.738673125,1.4,128.201865625,25.109248875,NaN,2018,2020-10-20,0.1,NA,1.4
2018-10-21,17.4618,5.566102083333358,13.606418333333334,0,114.68783479166666,57.203752395833334,NaN,2018,2020-10-21,0,NA,0
2018-10-22,19.755,8.28651666666669,13.038202083333333,0,81.716355625,21.2911434875,NaN,2018,2020-10-22,0,NA,0
2018-10-23,19.6551,11.766947916666693,13.295335625,0,62.44619145833333,9.24948044375,NaN,2018,2020-10-23,0,NA,0
2018-10-24,18.915300000000002,8.323187500000023,12.912169583333334,0.03,60.67278916666667,23.0060495625,NaN,2018,2020-10-24,0,NA,0.03
2018-10-25,12.5001,6.212560416666691,12.381695416666666,0.03,51.775440208333336,20.517683872916667,NaN,2018,2020-10-25,0,NA,0.03
2018-10-26,3.7089,8.06033125000002,12.16065375,2.64,61.09957395833333,11.658545,NaN,2018,2020-10-26,4.6,NA,2.64
2018-10-27,4.4712,7.60823125000002,11.824917083333334,10.26,58.00831541666667,20.708253208333332,NaN,2018,2020-10-27,0.30000000000000004,NA,10.26
2018-10-28,6.6438,9.38456041666669,11.849676666666667,0.86,50.77198166666667,7.684459520833333,NaN,2018,2020-10-28,0.1,NA,0.86
2018-10-29,17.9397,10.641835416666686,11.865039583333333,0.86,66.78559666666666,11.471045854166666,NaN,2018,2020-10-29,0,NA,0.86
2018-10-30,12.1491,8.407495833333359,11.469709375,0,43.3597218125,5.654846125,0.00879111111111111,2018,2020-10-30,0,NA,0
2018-10-31,2.1357,15.268120833333361,11.802950625,15.27,37.288801489583335,-10.673521941666666,0.012360416666666667,2018,2020-10-31,7.8,NA,15.27
2018-11-01,1.1574,9.102189583333354,11.685001458333334,51.03,51.268037916666664,14.079518966666667,NaN,2018,2020-11-01,27.8,NA,51.03
2018-11-02,3.9663,6.219212500000018,9.931602666666667,54.18,43.92075354166666,15.134004875,0.001624,2018,2020-11-02,0.6000000000000001,NA,54.18
2018-11-03,16.8579,7.270518750000023,9.914210895833333,0.03,37.497302708333336,13.317284872916666,0.007610666666666667,2018,2020-11-03,0,NA,0.03
2018-11-04,10.6128,9.504454166666688,10.313026875,NA,45.367341708333335,-1.01913798125,0.012041529411764706,2018,2020-11-04,0.5,NA,0.5
2018-11-05,7.0533,11.468862500000023,10.834512291666666,1.75,26.945721229166665,3.6741130416666667,0.013055454545454545,2018,2020-11-05,3.2,NA,1.75
2018-11-06,10.5678,12.823602083333354,11.599006666666666,9.78,46.47034416666666,10.40925135625,0.0186,2018,2020-11-06,2.7,NA,9.78
2018-11-07,13.905,8.127662500000019,10.954887083333332,1.75,53.49355245833333,13.772176120833333,0.012843333333333333,2018,2020-11-07,0,NA,1.75
2018-11-08,9.7947,2.902572916666692,9.985251083333333,0,47.826706458333334,27.057092354166667,0.0060235714285714285,2018,2020-11-08,0,NA,0
2018-11-09,4.221,3.7964062500000217,9.129777,NA,44.847078958333334,17.472572497916666,0.020750333333333332,2018,2020-11-09,1.1,NA,1.1
2018-11-10,14.9877,-1.4401083333333098,8.475883854166666,NA,53.899931875,31.107695633333332,0.01555,2018,2020-11-10,0,NA,0
2018-11-11,14.3892,-0.8422958333333112,6.240489166666666,NA,43.856955625,26.73880266666667,0.011084705882352941,2018,2020-11-11,0,NA,0
2018-11-12,6.1983,2.2043395833333563,5.3363498541666665,NA,35.57833145833333,15.968213166666667,0.00194,2018,2020-11-12,0,NA,0
2018-11-13,5.5683,1.8714854166666843,6.0375971875,NA,44.05380770833333,17.837236104166667,NaN,2018,2020-11-13,0,NA,0
2018-11-14,7.563676595744681,-2.934142553191465,5.455694723404255,NA,45.73386829787234,18.225251361702128,NaN,2018,2020-11-14,NA,NA,NA
2018-11-15,1.9211294117647058,-0.37893823529409376,4.902726911764706,NA,39.372958235294114,25.773745,NaN,2018,2020-11-15,NA,NA,NA
