"sample"	"ch4.ppm"	"co2.ppm"	"n2o.ppm"	"flag.n2o"	"flag.co2"	"flag.ch4"
"071118FL01_DG1"	149.85825849133	820.140102489114	0.287295581908121	NA	NA	NA
"071118FL01_DG2"	151.10249696809	829.943148667491	0.289519393648333	NA	NA	NA
"071118FL02_DG1"	81.3799446415281	390.424151495328	0.297699843978397	NA	NA	NA
"071118FL02_DG2"	80.5048337562177	392.106142576692	0.302855043921614	NA	NA	NA
"071118FL03_DG1"	26.9453290370669	201.255639153456	0.306284623715772	NA	NA	NA
"071118FL03_DG2"	26.5516135497262	197.874925692239	0.312327904321476	NA	NA	NA
"071118FL04_DG1"	30.1028429600312	167.825868911963	0.312660032048911	NA	NA	NA
"071118FL04_DG2"	29.8748889720639	176.076863588054	0.308977746375184	NA	NA	NA
"071118FL05_DG1"	130.470830696027	810.592045071763	0.298154714561622	NA	NA	NA
"071118FL05_DG2"	125.388553364302	819.375679660343	0.302847823753627	NA	NA	NA
"071118FL07_DG1"	59.6347358255096	1044.27381044993	0.284645780256636	NA	NA	NA
"071118FL07_DG2"	64.3420000983197	1023.75927987294	0.286898472668798	NA	NA	NA
"071118FL14_DG1"	20.4810136774499	863.707747403749	0.284602459248709	NA	NA	NA
"071118FL14_DG2"	21.0278478379407	877.351602554156	0.287360563420011	NA	NA	NA
"071118FL15_DG1"	27.8132143604426	306.416636345406	0.307468731265755	NA	NA	NA
"071118FL15_DG2"	29.9195858324496	267.41320191567	0.309049948055061	NA	NA	NA
"071118FL41_DG1"	20.1362093259028	318.212110458533	0.29790922885004	NA	NA	NA
"071118FL41_DG2"	20.17809666935	291.01106830856	0.302017504435041	NA	NA	NA
"071118FL42_DG1"	24.8129056807208	597.463721598992	0.296010324669275	NA	NA	NA
"071118FL42_DG2"	25.4006055421356	662.642153119472	0.294176402000399	NA	NA	NA
"071118FL43_DG1"	36.6357844123972	235.980403711988	0.291902049084274	NA	NA	NA
"071118FL43_DG2"	35.8178482424055	265.817915928119	0.301086102764628	NA	NA	NA
"071118FL44_DG1"	60.9469799773072	689.442819670006	0.284927366808156	NA	NA	NA
"071118FL44_DG2"	61.8394603963853	664.791840977774	0.28921614659285	NA	NA	NA
"082118FL01_DG2"	33.9965802538043	244.781284539229	0.29320167932206	NA	NA	NA
"082118FL02_DG2"	33.5993727906304	189.53637296967	0.316984912673543	NA	NA	NA
"082118FL03_DG1"	-0.49458437500237	7729.13125545354	0.493712964508469	NA	NA	NA
"082118FL03_DG2"	26.8164743738406	144.928250698186	0.302234109474672	NA	NA	NA
"082118FL04_DG1"	36.7886121852005	568.704989178941	0.292696267562921	NA	NA	NA
"082118FL04_DG2"	25.0739353453735	1288.51587123838	0.293779292761076	NA	NA	NA
"082118FL05_DG1"	55.5433662708793	286.956482178526	0.290082566751374	NA	NA	NA
"082118FL05_DG2"	51.6669446966243	463.200835069115	0.303519299376483	NA	NA	NA
"082118FL07_2"	35.6687597442327	502.126945435215	0.283432792034702	NA	NA	NA
"082118FL07_DG1"	35.7319655476652	510.900471773678	0.284508597064869	NA	NA	NA
"082118FL14_DG1"	53.7816854328423	601.421264556248	0.294241383512289	NA	NA	NA
"082118FL14_DG2"	33.2065077108983	581.863104869405	0.293028395290355	NA	NA	NA
"082118FL15_DG2"	14.3261282970177	592.259711842311	0.294883978463194	NA	NA	NA
"082118FL41_DG2"	13.4408750507492	795.534665267841	0.301086102764628	NA	NA	NA
"082118FL42_DG2"	12.0470992386064	234.703785775074	0.551770335297563	NA	NA	NA
"082118FL43_DG1"	14.3178274515175	353.563509579325	0.304790048942318	NA	NA	NA
"082118FL43_DG2"	9.98248740473121	380.796097603929	0.306147440524005	NA	NA	NA
"082118FL44_DG1"	17.6552781638633	1078.07916825924	0.342861994741459	NA	NA	NA
"082118FL44_DG2"	29.8851053972949	1173.92624801765	0.346132730839887	NA	NA	NA
"102218FL01_DG1"	14.1399339471823	2015.26688218488	0.337194162871114	NA	NA	NA
"102218FL01_DG2"	14.6985169966887	2146.75402149435	0.335367460370226	NA	NA	NA
"102218FL02_DG1"	31.4752235569549	754.012256293628	0.380746216172919	NA	NA	NA
"102218FL02_DG2"	26.3222548032896	707.266599280253	0.372089234755667	NA	NA	NA
"102218FL03_DG1"	25.7687799663987	186.706842815847	0.36470300290425	NA	NA	NA
"102218FL03_DG2"	24.6246680458391	169.757550752154	0.342334922478357	NA	NA	NA
"102218FL04_DG1"	15.9986848126522	551.578026681626	0.334710425083346	NA	NA	NA
"102218FL04_DG2"	15.1307994892765	587.729911499376	0.330659910842246	NA	NA	NA
"102218FL05_DG1"	19.5789033295503	2004.13226426254	0.327663541127351	NA	NA	NA
"102218FL05_DG2"	19.0820019473762	1967.87005822039	0.324392805028923	NA	NA	NA
"102218FL07_DG1"	22.7656617697384	1160.00675284254	0.310782788372109	NA	NA	NA
"102218FL07_DG2"	21.4322905717739	1219.99584787264	0.305490405237125	NA	NA	NA
"102218FL14_DG1"	20.2068303653123	424.290810950513	0.328118411710576	NA	NA	NA
"102218FL14_DG2"	20.2768128781448	444.303950583501	0.324905436956049	NA	NA	NA
"102218FL15_DG1"	10.7907343458208	517.451813449233	0.337150841863188	NA	NA	NA
"102218FL15_DG2"	10.9799936232256	496.171012298833	0.336017275489119	NA	NA	NA
"102218FL41_DG1"	9.86410457736668	146.63390306284	0.376435775884262	NA	NA	NA
"102218FL41_DG2"	10.1289654014811	155.06866154018	0.384096374119212	NA	NA	NA
"102218FL42_DG1"	17.5050967129672	549.0469425904	0.417215284678791	NA	NA	NA
"102218FL42_DG2"	17.7997128755669	531.788464150698	0.411590773816372	NA	NA	NA
"102218FL43_DG1"	35.4542942509065	777.456114278291	0.395576441219654	NA	NA	NA
"18R10_0110"	34.8747066831716	120.216235187957	0.351092986247436	NA	NA	NA
"18R10_0120"	35.659713112062	86.7898159334283	0.340154431746071	NA	NA	NA
"18R10_0152"	183.172195105206	837.979316201691	0.359186794561648	NA	NA	NA
"18R10_0153"	166.724331373152	770.13926286535	0.346558720751161	NA	NA	NA
"18R10_0155"	67.7575259189192	723.190027868427	0.346674243438964	NA	NA	NA
"18R10_0156"	83.1349912826399	701.311644361624	0.351973846741936	NA	NA	NA
"18R10_0169"	139.884997376361	140.917767880452	0.322919890759432	NA	NA	NA
"18R10_0170"	2.37827439996242	479.399577609412	0.359923251696393	NA	NA	NA
"18R10_0172"	136.982596532482	104.63447009462	0.32754079827156	NA	NA	NA
"18R10_0174"	196.268979133006	119.746016049467	0.300905598564935	NA	NA	NA
"18R10_0180"	30.7171157810519	224.14904160944	0.342833114069508	NA	NA	NA
"18R10_0184"	189.229602156585	136.788595266382	0.295923682653423	NA	NA	NA
"18R10_0189"	74.1475843972379	157.050824377537	0.331020919241631	NA	NA	NA
"18R10_0190"	75.7259201566158	85.3053287083955	0.333793463748908	NA	NA	NA
"18R10_0197"	77.5321104249325	110.985455162147	0.325829618458475	NA	NA	NA
"18R10_0198"	75.1790210864577	96.7666769923105	0.352017167749862	NA	NA	NA
"18R10_0202"	928.891902081935	490.035630550152	0.907392489363726	NA	NA	NA
"18R10_0203"	479.333285600725	523.401007752203	0.824685465064625	NA	NA	NA
"18R10_0206"	599.203052956043	553.192846810597	0.833746775889189	NA	NA	NA
"18R10_0207"	675.676385845725	458.890481575502	0.934648623517292	NA	NA	NA
"18R10_0209"	237.207361493281	851.781316555548	0.363742720561886	NA	NA	NA
"18R10_0210"	230.211130555886	843.126371946957	0.361735513861306	NA	NA	NA
"18R10_0221"	1588.09881834632	124.537927407925	0.320472253811602	NA	NA	NA
"18R10_0224"	47.7098271634069	708.547303701042	0.379287742239404	NA	NA	NA
"18R10_0225"	246.647333196312	716.906717857275	0.381042243060415	NA	NA	NA
"18R10_0231"	842.500704752302	144.569586996689	0.307187144714234	NA	NA	NA
"18R10_0241"	850.573784496626	160.762528873711	0.307237685890148	NA	NA	NA
"18R10_0291"	1645.49863370891	108.312340432093	0.324645510908492	NA	NA	NA
"18R10_0492"	89.9996963955137	546.630092594587	0.325829618458475	NA	NA	NA
"18R10_0493"	88.219319184324	564.22257805161	0.332797080566605	NA	NA	NA
"18R10_0495"	15.7874602210008	578.95171145387	0.332703218382765	NA	NA	NA
"18R10_0497"	17.789879566282	592.081784902073	0.338674297308593	NA	NA	NA
"ACT18_025"	23.813611587811	1758.75710124319	0.909190311192663	NA	NA	NA
"ACT18_026"	25.0736799347427	1754.5293528043	0.885089390449721	NA	NA	NA
"ACT18_027"	24.4313221983419	2057.52078065684	0.901544153293689	NA	NA	NA
"ACT18_028"	36.831674154333	2201.64040665066	0.87734215019892	NA	NA	NA
"ACT18_029"	36.2220517677915	4588.24706156704	1.51920064396945	1	1	1
"ACT18_030"	6295.94514662324	7138.14607013093	1.81431779029869	1	1	1
"ACT18_031"	8827.44642705601	7985.82123246542	0.0559758399181972	1	1	1
"ACT18_057"	20304.097286421	8477.20609133323	0.116979039246272	NA	NA	NA
"ACT18_203"	76935.482652523	19894.0166314553	-0.0673446293117144	NA	NA	1
"ACT18_204"	57380.0597094614	16034.4122414898	-0.0282907406662465	NA	NA	1
"ACT18_205"	1784.29077691376	4547.92699090249	-0.0164568853344066	NA	NA	NA
"ACT18_206"	17.0118987849393	1275.57176785417	0.217924207882302	NA	NA	NA
"ACT18_207"	30.1476675257323	271.750243817859	0.204790722312677	NA	NA	NA
"ACT18_208"	29.3364833623888	388.684554257381	0.203924302154153	NA	NA	NA
"ACT18_209"	28.8867052415928	294.083058583679	0.199144550946295	NA	NA	NA
"ACT18_221"	69.9924059303638	608.549972087972	0.168278332798879	NA	NA	NA
"ACT18_222"	69.1146413662833	606.147360595012	0.178112201598126	NA	NA	NA
"ACT18_223"	73.8603839812594	608.314873754596	0.17700029572802	NA	NA	NA
"ACT18_224"	33.0833528916148	999.278619760646	0.145809170021157	NA	NA	NA
"ACT18_225"	99.2546423496432	1889.15211477652	0.132610702939642	NA	NA	NA
"ACT18_282"	37.8354884599915	286.897245376712	0.201021794623097	1	1	1
"ACT18_283"	31.4118971317601	301.924584272045	0.208306944122686	1	1	1
"ACT18_284"	36.1617408866536	286.41286561589	0.204581337441033	1	1	1
"ACT18_285"	26.8117492771712	563.333378113862	0.207505505476052	1	1	1
"ACT18_286"	44.8368580295237	4112.09261393442	-0.0215037827578087	NA	NA	NA
"ACT18_287"	55777.0132338743	16024.9903616489	-0.0294459675442784	NA	NA	1
"ACT18_288"	88596.1867958207	23391.3357458543	-0.0300308011512821	NA	NA	1
"ACT18_295"	172.056312515315	278.91822112647	0.204364732401402	1	1	1
"ACT18_296"	181.964742072039	275.00783553224	0.211909807948548	1	1	1
"ACT18_297"	177.463348683596	301.709148239169	0.219765350719166	1	1	1
"ACT18_298"	184.132539005774	262.276138899924	0.201945976125523	NA	NA	NA
"ACT18_299"	489.996611825507	594.978070287863	0.181794487271853	NA	NA	NA
"082118FL01_DG1"	33.8784617212256	269.510392381387	0.280974406179147	NA	NA	NA
"082118FL02_DG1"	29.2088919895216	181.09990776042	0.294954290434237	NA	NA	NA
"082118FL15_DG1"	13.8971065273328	588.014591850894	0.278902783065209	NA	NA	NA
"082118FL41_DG1"	13.09982644211	807.677034618705	0.282860297565628	NA	NA	NA
"082118FL42_DG1"	12.2932199695481	242.366820637437	0.531876539388928	NA	NA	NA
"102218FL43_DG2"	35.6635398681722	765.82429110447	0.605840628084485	NA	NA	NA
"102218FL44_DG1"	13.5851766805218	553.094797544513	0.335400945851878	NA	NA	NA
"102218FL44_DG2"	13.5482492279498	381.292973569142	0.35086668392662	NA	NA	NA
"ACT18_005"	89.5337065733927	471.317918229953	1.09798684467631	NA	NA	NA
"ACT18_006"	44.4940352310218	1023.46302317243	0.787300525809476	NA	NA	NA
"ACT18_007"	80.8991778733816	308.292520916899	1.08832165132059	NA	NA	NA
"ACT18_008"	213.677008852919	753.919781574805	1.81335402355892	NA	NA	NA
"ACT18_009"	75.6991727830447	671.997590310333	1.04345315208389	NA	NA	NA
"ACT18_012"	14.7711402597103	308.387926040649	0.723251653948904	NA	NA	NA
"ACT18_013"	11.1908157796265	344.763435908444	0.685398099187675	NA	NA	NA
"ACT18_014"	11.580129434899	273.845844330302	0.71419366047141	NA	NA	NA
"ACT18_015"	12.9310692441787	278.662880504565	0.745625183579432	NA	NA	NA
"ACT18_016"	15.7715843502097	4501.34386281236	1.63998774303424	NA	NA	NA
"ACT18_017"	21862.1865401149	9862.63949350017	0.141146989516326	NA	NA	NA
"ACT18_018"	24203.1397380496	9917.32831124865	0.24587110968987	NA	NA	NA
"ACT18_046"	137.118687946849	1084.91493088943	1.34942474248452	NA	NA	NA
"ACT18_047"	130.198214324465	888.1325639982	1.35761122554857	NA	NA	NA
"ACT18_048"	133.178095276354	918.315317712582	1.34231693214532	NA	NA	NA
"ACT18_061"	44.7856098717905	407.842176180975	0.850256437889247	NA	NA	NA
"ACT18_062"	44.7243257517756	286.528430570506	0.873501477933225	NA	NA	NA
"ACT18_070"	112.412517540596	450.102803459938	1.40457277848314	NA	NA	NA
"ACT18_071"	148.138781169034	449.954052173935	1.256994633963	NA	NA	NA
"ACT18_072"	149.770330169193	275.98166005859	1.26880288571245	NA	NA	NA
"ACT18_077"	1.83203814946667	620.25170400507	0.302226401916957	NA	NA	NA
"ACT18_078"	1.88988695742071	701.030423498015	0.302476425396225	NA	NA	NA
"ACT18_079"	2.06431560711221	439.882601302357	0.299954760019604	NA	NA	NA
"ACT18_086"	59.7092432368225	154.397761088476	0.360703321953835	NA	NA	NA
"ACT18_087"	55.2997557876085	228.864879130801	0.35197393076338	NA	NA	NA
"ACT18_094"	48.7068434113507	291.10277521268	0.884738247444343	NA	NA	NA
"ACT18_130"	1.79939579378019	386.521409305368	0.301697780846504	NA	NA	NA
"ACT18_131"	1.92126899049382	387.466474376054	0.307555473789362	NA	NA	NA
"ACT18_132"	1.73247266300982	384.170515606842	0.315013316999538	NA	NA	NA
"ACT18_140"	45.3073562656386	250.627775556419	0.311834447048841	NA	NA	NA
"ACT18_141"	50.4213735596755	324.788273036065	0.310798635491872	NA	NA	NA
"ACT18_142"	47.1300837653851	234.268021867355	0.308334118339084	NA	NA	NA
"ACT18_151"	152.456928686355	251.607441821463	0.295204313913506	NA	NA	NA
"ACT18_152"	75.5440622002162	179.10085023	0.282338820023154	NA	NA	NA
"ACT18_153"	76.1014388963985	322.951588731049	0.286810668538068	NA	NA	NA
"ACT18_161"	21.2238660079436	252.012615117209	0.228190877941608	NA	NA	NA
"ACT18_162"	19.576372287736	253.252339034706	0.218104216435125	NA	NA	NA
"ACT18_163"	20.3531091143608	236.425762322603	0.228469475532793	NA	NA	NA
"ACT18_164"	18.2400522207715	351.776418002756	0.226526435922479	NA	NA	NA
"ACT18_165"	13.6899094896935	1694.35529092254	0.25780080141496	NA	NA	NA
"ACT18_166"	42106.8247706996	14265.1159860783	-0.0340337471150395	NA	NA	NA
"ACT18_167"	52343.4662012169	15783.8947075775	-0.0338837330274785	NA	NA	NA
"ACT18_174"	125.551785364728	835.666781657061	0.308219821891418	NA	NA	NA
"ACT18_175"	118.15054019618	776.48322357236	0.311941599968527	NA	NA	NA
"ACT18_176"	120.053554643853	798.102352853998	0.311062946027098	NA	NA	NA
"ACT18_177"	62.3182127414118	851.242137590029	0.260529629102975	NA	NA	NA
"ACT18_178"	58.4411607767461	896.650187310706	0.271816403309946	NA	NA	NA
"ACT18_179"	65.0631712332435	616.207152239459	0.196166442011322	NA	NA	NA
"ACT18_180"	73.2493519622151	919.204171134006	0.161506044256749	NA	NA	NA
"ACT18_181"	52.8810520974842	623.411164123109	0.184393907901772	NA	NA	NA
"ACT18_182"	59.0637409262001	556.801649497534	0.176107415446021	NA	NA	NA
"ACT18_183"	71.8721220093214	530.424951086594	0.16994969432804	NA	NA	NA
"ACT18_184"	72.8559934244448	431.90065458627	0.177971876248565	NA	NA	NA
"ACT18_185"	78.5988855546815	411.937673112457	0.18401530091888	NA	NA	NA
"ACT18_186"	109.576701777812	370.054083052642	0.171757006906752	NA	NA	NA
"ACT18_187"	118.841174223093	392.016823505779	0.18985870680578	NA	NA	NA
"ACT18_188"	87.810981455531	393.013586097107	0.187865662499613	NA	NA	NA
"ACT18_189"	80.7908617542855	312.037524773431	0.213775238479793	NA	NA	NA
"ACT18_190"	124.24866644069	346.386408394727	0.189751553886094	NA	NA	NA
"ACT18_191"	152.759881310014	568.232927876712	0.189015770504247	NA	NA	NA
"ACT18_192"	156.405568184976	369.611053572218	0.199481038993622	NA	NA	NA
"ACT18_193"	146.201768020875	412.54224390998	0.188408570626024	NA	NA	NA
"ACT18_194"	177.554382134375	446.944633092935	0.221926003903941	NA	NA	NA
"ACT18_195"	174.952024329491	456.995662906463	0.230098199912027	NA	NA	NA
"ACT18_196"	201.455408174352	468.375888640517	0.22311897307645	NA	NA	NA
"ACT18_197"	204.754923277617	474.635050411985	0.236098763414467	NA	NA	NA
"ACT18_198"	225.28203030572	475.35602124039	0.235713012903596	NA	NA	NA
"ACT18_199"	230.550789786189	606.246190039856	0.231169729108891	NA	NA	NA
"ACT18_229"	20.9183638064608	474.568628233697	0.142297097520961	NA	NA	NA
"ACT18_230"	20.6686938967506	484.392446906609	0.135575037692631	NA	NA	NA
"ACT18_231"	20.1156643340004	461.849533446357	0.136246529322667	NA	NA	NA
"ACT18_235"	150.579041007063	304.431706745187	0.213739520839897	NA	NA	NA
"ACT18_236"	149.062289598667	332.542137240413	0.187379902597034	NA	NA	NA
"ACT18_237"	147.388149331555	323.580893517746	0.186086924032818	NA	NA	NA
"ACT18_305"	18.7700178796969	599.640192719302	1.26545257109025	NA	NA	NA
"ACT18_306"	231.070779971667	6421.12967964423	0.148183364575736	NA	NA	NA
"ACT18_307"	17.4363444902204	5111.41254655787	2.64638939531319	NA	NA	NA
"ACT18_308"	70246.3272386057	18057.8577733873	1.25575166009464	NA	NA	NA
"ACT18_309"	26.4215624977751	305.161300876987	1.21644082562568	NA	NA	NA
"ACT18_310"	30.2952900822533	307.89103792173	1.18802387132483	NA	NA	NA
"ACT18_311"	27.4819979446712	265.565786678919	1.22221993976076	NA	NA	NA
"ACT18_317"	23.3671706442539	394.112024061672	1.46232105866615	NA	NA	NA
"ACT18_318"	24.0419473714564	1351.32934395609	1.41123054655966	NA	NA	NA
"ACT18_319"	37.1077547894544	395.948522055852	1.48127283839469	NA	NA	NA
"ACT18_320"	23.304532610369	416.699326453369	1.46344973608685	NA	NA	NA
"ACT18_321"	167.616698903596	1185.37783067419	1.524226872133	NA	NA	NA
"ACT18_325"	48.2121760472767	304.066149911522	0.927513692983168	NA	NA	NA
"ACT18_326"	44.8129264369134	221.21054450379	0.9138338369032	NA	NA	NA
"ACT18_327"	47.1861421077243	428.065902322306	0.935735893687107	NA	NA	NA
"ACT18_331"	58.5681234207305	304.684058181729	1.23426392793352	NA	NA	NA
"ACT18_332"	60.2565246806768	702.462584542812	1.22384866414	NA	NA	NA
"ACT18_333"	60.5555816849358	285.545616696146	1.2347139701962	NA	NA	NA
"ACT18_371"	19832.7772161812	8512.83522689202	0.360481872586483	NA	NA	NA
"ACT18_372"	4189.61844679168	5862.55323116715	0.441618063373053	NA	NA	NA
"ACT18_373"	52.9676337321564	4283.39173739583	1.8472929249876	NA	NA	NA
"ACT18_374"	54.0627904582373	2065.92106374364	1.48803061586292	NA	NA	NA
"ACT18_375"	57.4426809376656	247.624739192445	1.06318357636216	NA	NA	NA
"ACT18_376"	56.198708315502	239.052062412926	1.03143773802305	NA	NA	NA
"ACT18_377"	61.9831691317953	490.9682425571	1.05140389872463	NA	NA	NA
"ACT18_460"	99.7155405361065	325.905023113733	1.14801297111392	NA	NA	NA
"ACT18_461"	91.9825772528267	300.200234441953	1.13131854622677	NA	NA	NA
"ACT18_462"	96.2364790485145	337.453818770661	1.13076849457238	NA	NA	NA
"ACT18_463"	96.3554842583109	393.665232807397	1.12656095659269	NA	NA	NA
"ACT18_464"	87.8782039592684	301.605045041162	1.10140145105032	NA	NA	NA
"ACT18_474"	18.3422643847164	1478.82800493053	1.34596013141466	NA	NA	NA
"ACT18_475"	18.6834337161578	1479.69654477315	1.33532341825379	NA	NA	NA
"ACT18_476"	19.9506881039093	1490.88825189763	1.36187591175209	NA	NA	NA
"ACT18_477"	8.2187229927589	1820.82881478288	1.37699876048383	NA	NA	NA
"ACT18_478"	10.9207286435797	1784.02340446374	1.33748790723145	NA	NA	NA
"ACT18_479"	11.5390429177028	1826.01769815404	1.37490570678596	NA	NA	NA
"ACT18_480"	17.7950323059878	2062.01010868938	1.37613439359836	NA	NA	NA
"ACT18_487"	21.7035447945952	1263.66088191496	1.26948152087046	NA	NA	NA
"ACT18_488"	23.3954018707936	1110.37837808854	1.28668313624412	NA	NA	NA
"ACT18_489"	22.8079655006982	1315.69298547068	1.30687788984103	NA	NA	NA
"ACT18_490"	25.1718265943497	1115.39260767375	1.29769845638789	NA	NA	NA
"ACT18_491"	201.629645175523	1705.11106219728	1.40087957451795	NA	NA	NA
"092518FL01_DG1"	25.1604836908293	71.2627782193854	0.370261362389865	NA	NA	NA
"092518FL01_DG2"	33.8977020844861	103.91586018712	0.384548418348057	NA	NA	NA
"092518FL02_DG1"	19.1813871807034	1330.83670472403	0.334415138990762	NA	NA	NA
"092518FL02_DG2"	17.0703468032955	1325.8072130849	0.342158723320102	NA	NA	NA
"092518FL03_DG1"	17.1300860951696	219.809315666906	0.454262107896052	NA	NA	NA
"092518FL03_DG2"	23.4298086781388	184.367668921695	0.462591461519678	NA	NA	NA
"092518FL04_DG1"	23.3965361611456	585.023659201392	0.449804546437096	NA	NA	NA
"092518FL04_DG2"	12.7694958851436	437.615863858847	0.447125723444936	NA	NA	NA
"092518FL05_DG1"	34.0316720212629	2245.86250649909	0.34162295872167	NA	NA	NA
"092518FL05_DG2"	24.4588620919618	2387.0902448003	0.341687250473482	NA	NA	NA
"092518FL07_DG1"	30.4678104141154	74.8582163642817	0.36271779684394	NA	NA	NA
"092518FL07_DG2"	41.7572717087269	112.439260600106	0.367089635967146	NA	NA	NA
"092518FL14_DG1"	26.2865819458824	2737.03645842275	0.518675299683559	NA	NA	NA
"092518FL14_DG2"	13.4762848067259	2757.33165826726	0.546135021235203	NA	NA	NA
"092518FL15_DG1"	8.36050928676391	167.073400880534	0.467456204073442	NA	NA	NA
"092518FL15_DG2"	17.7112208521982	190.357135297044	0.458519650571593	NA	NA	NA
"092518FL41_DG1"	21.4183337871878	791.842976124024	0.542856141892798	NA	NA	NA
"092518FL42_DG1"	11.8074916343523	1273.52704741351	0.91343379933637	NA	NA	NA
"092518FL42_DG2"	12.0858968996475	1237.12403941721	0.867336613287265	NA	NA	NA
"092518FL43_DG1"	31.4059562745765	1966.15226497407	0.566815534734685	NA	NA	NA
"092518FL43_DG2"	10.5297765689099	2005.91378466477	0.563915262375172	NA	NA	NA
"092518FL44_DG1"	10.6768562178911	1782.13510146967	0.859035833775556	NA	NA	NA
"092518FL44_DG2"	9.65095361060149	1755.96863247739	0.857299956476636	NA	NA	NA
"092818FL41_DG2"	22.4945232667511	814.394810362267	0.550292554519037	NA	NA	NA
"111918FL01_DG1"	2.93116550059349	1791.98159826494	0.41596565440012	NA	NA	NA
"111918FL02_DG1"	3.30220447797193	1017.11648076836	0.398228274428025	NA	NA	NA
"111918FL02_DG2"	3.30333876832397	914.364917772506	0.374611770929134	NA	NA	NA
"111918FL03_DG1"	3.53007080647064	1557.13405673142	0.451061807361417	NA	NA	NA
"111918FL03_DG2"	3.72163984370408	1510.87208434651	0.451661863711661	NA	NA	NA
"111918FL04_DG1"	2.96519421115469	1716.90583540974	0.442232406779255	NA	NA	NA
"111918FL04_DG2"	2.93973569436446	1776.6432340846	0.448754447824169	NA	NA	NA
"111918FL05_DG1"	12.3398519062431	2405.03960247116	0.424266433911829	NA	NA	NA
"111918FL05_DG2"	12.4191261986246	2378.30585798211	0.427080983935593	NA	NA	NA
"111918FL07_DG1"	10.7426450583094	1599.82137664436	0.450018852276469	NA	NA	NA
"111918FL07_DG2"	10.9137968692061	1860.2884252522	0.445325554394203	NA	NA	NA
"111918FL14_DG1"	3.88535575118186	1379.66538914727	0.434460248337999	NA	NA	NA
"111918FL14_DG2"	3.81427355578735	1554.9709292877	0.426602367560993	NA	NA	NA
"111918FL15_DG1"	2.43409426187727	1153.76710760587	0.42638806172162	NA	NA	NA
"111918FL15_DG2"	2.40825764830302	1151.22866261105	0.423680664617543	NA	NA	NA
"111918FL18_DG2"	2.89726282229363	1753.40063068802	0.421080420433152	NA	NA	NA
"111918FL41_DG1"	10.2673774008046	1799.19119906974	0.464163037675079	NA	NA	NA
"111918FL41_DG2"	3.86090549248233	1719.41117679468	0.472035205508042	NA	NA	NA
"111918FL43_DG1"	11.1047357451328	2475.69485113413	0.51708229294422	NA	NA	NA
"111918FL43_DG2"	11.8798341523602	2559.64259639862	0.563593803616113	NA	NA	NA
"111918FL45_DG1"	4.3131092461623	2188.70493233142	0.50002354813014	NA	NA	NA
"111918FL45_DG2"	4.30882414927681	2263.15075928541	0.506859904406134	NA	NA	NA
"111918FL47_DG1"	21.2334444598052	1972.72107447312	0.481186064849264	NA	NA	NA
"111918FL47_DG2"	3.86493852484514	2093.13040392674	0.469699271858878	NA	NA	NA
"ACT18_088"	58.8639736977794	399.658813344967	0.391349056984156	NA	NA	NA
"ACT18_129"	148.111468341823	488.912701845524	0.400735652748688	NA	NA	NA
"ACT18_381"	14.8117226478611	1135.9012613145	0.833119114267397	NA	NA	NA
"ACT18_388"	15.4106279537382	1027.83098000999	0.84280573820705	NA	NA	NA
"ACT18_392"	15.913496676476	1077.56635941064	0.828754418672169	NA	NA	NA
"ACT18_395"	15.640384766157	1036.41803491987	0.831054634681438	NA	NA	NA
"ACT18_396"	44.9079405764715	803.501358164565	0.657102584862477	NA	NA	NA
"ACT18_397"	18.2970188028962	1078.91135478134	0.875844555110368	NA	NA	NA
"ACT18_398"	14.8731003591326	1035.44631499446	0.813724435804152	NA	NA	NA
"ACT18_412"	2.36591080849353	435.693704900111	0.360731896065751	NA	NA	NA
"ACT18_413"	45.2401337619012	814.159860715443	0.650559113233625	NA	NA	NA
"ACT18_435"	54.2518685959578	794.651838919126	0.632671719173969	NA	NA	NA
"ACT18_450"	45.0217200085922	865.04655787308	0.648487490119687	NA	NA	NA
"ACT18_451"	15.6863865415453	1057.83295362101	0.851163665942593	NA	NA	NA
"ACT18_492"	126.820699198526	566.867726406467	0.787829146879929	NA	NA	NA
"ACT18_493"	118.761362345864	570.575330714259	0.76444123627637	NA	NA	NA
"ACT18_494"	124.127879715776	625.567197936139	0.769756021092817	NA	NA	NA
"ACT18_497"	18.4599785168059	756.371168374785	0.859978779468797	NA	NA	NA
"ACT18_498"	18.8092139129729	767.59576415065	0.835519339668373	NA	NA	NA
"ACT18_499"	16.9241493801437	645.151959919021	0.834447810471508	NA	NA	NA
"ACT18_505"	128.571097184534	682.242405216827	0.799901709164601	NA	NA	NA
"ACT18_506"	133.209925013106	681.373327977935	0.793586830431081	NA	NA	NA
"ACT18_513"	15.9007674180809	874.058155831882	0.785478926174807	NA	NA	NA
"ACT18_514"	16.1992118129288	850.126395465748	0.788722087877316	NA	NA	NA
"ACT18_515"	15.4242394379627	828.896341079582	0.777971078268777	NA	NA	NA
"ACT18_516"	16.7193469554698	1194.65801928597	0.819482119355303	NA	NA	NA
"071118FL02_BT1"	813153.474562181	5013.66059290431	0.590800348196064	NA	NA	NA
"071118FL02_BT2"	810332.632723624	4587.60319893312	0.571998637350199	NA	NA	NA
"071118FL02_BT3"	813449.978736659	5141.08981948185	0.566236704045968	NA	NA	NA
"071118FL03_BT1"	576257.523933663	3687.70946073718	0.413438769015232	NA	NA	NA
"071118FL04_BT1"	717874.613020691	13844.1485473387	1.2598616202532	NA	NA	NA
"071118FL05_BT1"	278520.805912814	2709.66355248972	0.408442149968523	NA	NA	NA
"071118FL07_BT1"	412578.964584101	3240.97314681585	1.62203187504383	NA	NA	NA
"071118FL07_BT2"	413906.657920384	3270.10295546553	1.60174368842855	NA	NA	NA
"071118FL07_BT3"	407945.576831672	3170.47377098938	1.5555304813397	NA	NA	NA
"071118FL08_BT1"	651011.217799525	3230.16827387947	0.491787816129095	NA	NA	NA
"071118FL08_BT2"	649877.433586525	3334.76982360952	0.451969398365113	NA	NA	NA
"071118FL08_BT3"	647315.713204406	3285.83808207187	0.482773297230393	NA	NA	NA
"071118FL12_BT1"	726324.172846323	6799.05784808603	0.951933013464477	NA	NA	NA
"071118FL12_BT2"	729461.177350194	6853.94256841973	0.923145423316132	NA	NA	NA
"071118FL12_BT3"	728137.218326023	7158.38288067933	0.950240491548802	NA	NA	NA
"071118FL15_BT1"	529334.787104241	2334.13707413012	1.53443282772126	NA	NA	NA
"071118FL21_BT1"	641074.153759714	2111.29739089509	0.327767724918343	NA	NA	NA
"071118FL21_BT2"	653752.912641354	2260.63551550883	0.238100857342273	NA	NA	NA
"071118FL21_BT3"	648492.687645741	2203.28209685138	0.250066251406999	NA	NA	NA
"071118FL41_BT1"	544698.726234885	8282.41941575735	2.3383733788758	1	NA	NA
"071118FL42_BT1"	682554.00752144	13437.3602414541	0.690269125301171	NA	NA	NA
"071118FL42_BT2"	686239.387275509	14210.4246565734	0.719726365424848	NA	NA	NA
"071118FL43_BT1"	801413.620645651	12358.4981351212	0.952131700819795	NA	NA	NA
"071118FL43_BT2"	799094.755327144	12021.2332824315	0.869750036272065	NA	NA	NA
"071118FL43_BT3"	803213.203516953	12809.7802612651	0.80110723440505	NA	NA	NA
"071118FL44_BT1"	685170.565958072	11921.3169929033	0.144423448705148	NA	NA	NA
"071118FL44_BT2"	687053.014944046	12205.8802110934	0.147587728808366	NA	NA	NA
"071118FL44_BT3"	637388.648999082	9889.44468812009	0.164674841365743	NA	NA	NA
"071118FL45_BT1"	682465.764167687	3718.79196754274	0.290399784536621	NA	NA	NA
"071118FL45_BT2"	687127.443460961	3978.71830994974	0.27912611682004	NA	NA	NA
"071118FL47_BT1"	676611.732553759	4547.46584868609	0.398390041547603	NA	NA	NA
"071118FL47_BT2"	678958.349905038	4688.86076906296	0.400693343111108	NA	NA	NA
"071118FL47_BT3"	681463.589650995	4901.69260772005	0.406278665432835	NA	NA	NA
"071118FL49_BT1"	640660.944446892	3038.16823621397	0.311401773872862	NA	NA	NA
"071118FL49_BT2"	650735.234730239	3374.72305561484	0.272002807192331	NA	NA	NA
"071118FL49_BT3"	646763.910172926	3096.06388149409	0.276852250420285	NA	NA	NA
"071118FL50_BT1"	703754.8315323	12594.5500879435	0.33415515545228	NA	NA	NA
"071118FL50_BT2"	698119.236457588	12656.9636132057	0.332698114846612	NA	NA	NA
"071118FL52_BT1"	548797.906147719	6172.31583511179	0.544646011434709	NA	NA	NA
"071118FL53_BT1"	796544.612670838	32381.4965870945	0.575744261937497	NA	NA	NA
"071118FL53_BT2"	794920.388224961	30171.5580946536	0.562218804193975	NA	NA	NA
"071118FL53_BT3"	789125.130300385	30658.9949875907	0.581668088642358	NA	NA	NA
"071118FL54_BT1"	553949.946480025	4887.61795686048	0.400840518929863	NA	NA	NA
"071118FL55_BT1"	632358.57455558	3336.34852825532	1.3794051790364	NA	NA	NA
"071118FL55_BT2"	643462.69170544	3783.37621169291	1.06892307179229	NA	NA	NA
"071118FL55_BT3"	640695.364647491	3642.13960954937	1.47219217397006	NA	NA	NA
"071118FL56_BT1"	704926.214865126	6841.80600992618	1.69130017414056	NA	NA	NA
"071118FL56_BT2"	707502.97229375	6715.19747948338	1.79527989009048	NA	NA	NA
"071118FL56_BT3"	708753.484206131	6842.23608114046	1.83074926241027	NA	NA	NA
"18R10_0151"	677301.48251579	1324.14883648334	0.290569036728188	NA	NA	NA
"18R10_0154"	674275.124705982	1257.02105266276	0.281907739794496	NA	NA	NA
"18R10_0162"	666449.608698765	582.245874106692	0.248476752564453	NA	NA	NA
"18R10_0164"	533928.509560209	279.375952129858	0.253230531510217	NA	NA	NA
"18R10_0165"	702700.387926562	5704.33843824755	0.224406147407183	NA	NA	NA
"18R10_0167"	706646.709329333	6344.96426730853	0.223022694710893	NA	NA	NA
"18R10_0168"	702595.814180305	6024.3411663135	0.220778263474889	NA	NA	NA
"18R10_0171"	680159.00549319	5221.2022571132	0.2356283035872	NA	NA	NA
"18R10_0173"	601274.785800558	263.246565701831	0.266343896961227	NA	NA	NA
"18R10_0175"	552334.594046981	406.834781349763	0.267867166685334	NA	NA	NA
"18R10_0178"	542494.100800962	272.448479968372	0.258138845065674	NA	NA	NA
"18R10_0179"	589048.571975907	655.902302765898	0.270773889105732	NA	NA	NA
"18R10_0181"	643975.981319544	3424.41600401169	0.26311338773957	NA	NA	NA
"18R10_0182"	675958.379530564	4776.09912636779	0.238505590843847	NA	NA	NA
"18R10_0183"	620036.861701519	246.114950154172	0.261891828443909	NA	NA	NA
"18R10_0185"	592271.473485646	180.695022062605	0.270979935251988	NA	NA	NA
"18R10_0186"	486715.680034782	221.032137794679	0.270950500088237	NA	NA	NA
"18R10_0187"	529575.335531998	383.627191555391	0.27190714291014	NA	NA	NA
"18R10_0188"	607953.961917056	151.227873780632	0.267374127692507	NA	NA	NA
"18R10_0192"	384804.451464584	361.663745607199	0.293733316831406	NA	NA	NA
"18R10_0193"	1293.06671364009	157.175472174431	0.315714025362364	NA	NA	NA
"18R10_0194"	395801.178767274	150.660499247384	0.291533038341029	NA	NA	NA
"18R10_0199"	674007.305048784	1498.36765762069	0.286992664332458	NA	NA	NA
"ACT18_052"	223942.831469654	14780.6415164489	0.41480014533871	NA	NA	NA
"ACT18_053"	232180.708678859	15923.647454392	0.38873530783732	NA	NA	NA
"ACT18_063"	530905.93624931	12307.426592061	0.244348470848394	NA	NA	NA
"ACT18_064"	614270.319833633	14909.9897519152	0.174947713514794	NA	NA	NA
"ACT18_133"	444788.093047927	20620.9169204614	0.0101917432102703	NA	NA	NA
"ACT18_134"	448385.995832868	21053.3638677508	-0.00629930728115123	NA	NA	NA
"ACT18_135"	396165.647606358	15759.1477736065	0.059797352921414	NA	NA	NA
"ACT18_149"	518064.405238514	20061.6186881048	0.0105449651752807	NA	NA	NA
"ACT18_150"	512559.459174305	22797.5307905118	-0.0862231356556848	NA	NA	NA
"ACT18_156"	607920.060620316	17649.6125778434	-0.00456263261985025	NA	NA	NA
"ACT18_157"	542006.78389047	14482.4602649031	-0.0488846304377138	NA	NA	NA
"ACT18_171"	724191.447711843	19453.746396145	-0.0234305725841541	NA	NA	NA
"ACT18_172"	710059.249134963	17217.9859002423	-0.00272293488542125	NA	NA	NA
"ACT18_173"	731477.979500661	19886.6293848986	-0.00285539312230014	NA	NA	NA
"ACT18_213"	740167.860532174	6947.60875260897	-0.0254321637192129	NA	NA	NA
"ACT18_214"	715951.854942939	9474.51722586871	-0.0862231356556848	NA	NA	NA
"ACT18_215"	700244.48237797	15492.1769627921	-0.0862231356556848	NA	NA	NA
"ACT18_216"	708706.894167596	14448.4385827613	-0.00390034143545581	NA	NA	NA
"ACT18_217"	709855.132408457	14805.1410764849	-0.0311205091140673	NA	NA	NA
"ACT18_238"	704978.868757988	1055.37366649607	0.221963028815862	NA	NA	NA
"ACT18_239"	696769.629447593	1032.60277404755	0.222890236474014	NA	NA	NA
"ACT18_240"	697202.261281217	1160.57386407306	0.220071819544869	NA	NA	NA
"ACT18_241"	678135.278830865	532.796870545244	0.249374525058854	NA	NA	NA
"ACT18_242"	680428.687241721	519.571439948979	0.256534628641252	NA	NA	NA
"ACT18_243"	681454.517926939	558.533808792945	0.252663904608013	NA	NA	NA
"ACT18_244"	680281.929765653	498.598921221634	0.243848073064629	NA	NA	NA
"ACT18_245"	683294.422551825	532.046484658963	0.239646203439193	NA	NA	NA
"ACT18_246"	688537.808956058	512.311882793893	0.253068638109587	NA	NA	NA
"ACT18_247"	722533.629651128	771.637716567656	0.247689361934117	NA	NA	NA
"ACT18_248"	728383.156539561	928.39554816144	0.236732122227858	NA	NA	NA
"ACT18_249"	727416.526591902	884.999071149091	0.241390236891432	NA	NA	NA
"ACT18_250"	621397.024744636	512.891536319025	0.393577392274337	NA	NA	NA
"ACT18_251"	634488.269719722	610.30850455532	0.377115776946666	NA	NA	NA
"ACT18_252"	803281.228497801	2283.24463856621	0.20350718114407	NA	NA	NA
"ACT18_253"	795316.766888809	2332.81423733615	0.191961238162794	NA	NA	NA
"ACT18_254"	800068.838589752	2506.19157307579	0.18717066526234	NA	NA	NA
"ACT18_255"	716242.021768067	678.077669585358	0.347253803321415	NA	NA	NA
"ACT18_256"	709290.396952957	768.33460304794	0.361905156078407	NA	NA	NA
"ACT18_257"	707301.850429846	617.086965371138	0.343471384779429	NA	NA	NA
"ACT18_258"	748359.432823709	636.655017388931	0.216075996065689	NA	NA	NA
"ACT18_259"	752026.742107714	659.519533801824	0.224097078187799	NA	NA	NA
"ACT18_260"	749002.622444897	635.855942751418	0.218526473447948	NA	NA	NA
"ACT18_261"	799809.190402156	1173.5019072086	0.200269313131475	NA	NA	NA
"ACT18_262"	790802.15770312	1160.47573586298	0.19661199403543	NA	NA	NA
"ACT18_263"	788808.646255396	1085.30159088783	0.202859607541551	NA	NA	NA
"ACT18_264"	809920.591174699	1268.92061355856	0.144423448705148	NA	NA	NA
"ACT18_265"	807043.761014045	1345.58565833292	0.137447314896193	NA	NA	NA
"ACT18_266"	808016.726124016	1408.64439702816	0.140074403260958	NA	NA	NA
"ACT18_267"	783418.053456494	1986.94316283853	0.169781842276517	NA	NA	NA
"ACT18_268"	786584.217180289	2138.56736009677	0.166823608319556	NA	NA	NA
"ACT18_269"	786591.797113304	2206.44153176347	0.17847257437396	NA	NA	NA
"ACT18_280"	702978.818177757	6675.85236007259	0.0403333508911551	NA	NA	NA
"ACT18_281"	679696.696917071	10962.37727021	-0.0862231356556848	NA	NA	NA
"ACT18_292"	714837.615609837	11944.4882789534	0.00825638119365103	NA	NA	NA
"ACT18_293"	692745.166855974	11020.0545749232	0.0130322365122287	NA	NA	NA
"ACT18_294"	732156.764913645	13902.0175397176	-0.0159613997823724	NA	NA	NA
"071118fl57_BT1"	619436.291670976	2937.25682445528	0.305982088393295	NA	NA	NA
"071118FL57_BT2"	618733.764651202	3014.64817224016	0.291859827757534	NA	NA	NA
"102218FL10_BT1"	736932.254797656	4017.41633282333	0.487422137478508	NA	NA	NA
"111918FL63_BT1"	167504.336240197	2824.70518423199	0.521949342506038	NA	NA	NA
"18R10_0112"	102706.400751788	20741.9175064393	0.171386611173047	NA	NA	NA
"18R10_0113"	102434.37328047	19904.5194276763	0.179088409900258	NA	NA	NA
"18R10_0121"	23.1031734153376	479.178518867349	0.350484431665012	NA	NA	NA
"18R10_0122"	433120.120417122	41110.2942409261	0.199920466564913	NA	NA	NA
"18R10_0147"	375171.964035391	2924.91981797542	1.06272170233367	NA	NA	NA
"18R10_0148"	379066.84164731	1180.27083458717	0.810780572591683	NA	NA	NA
"18R10_0149"	148388.730543898	3613.4910391314	0.993061068407415	NA	NA	NA
"18R10_0204"	157914.941622926	4142.67959166768	1.00714199559741	NA	NA	NA
"18R10_0208"	90394.5381173431	2664.17711561173	0.931157344469389	NA	NA	NA
"18R10_0211"	333336.555711218	10100.2368095807	-0.0817118550503074	NA	NA	NA
"18R10_0212"	630933.518572864	8197.79595003353	0.0874314939203521	NA	NA	NA
"18R10_0215"	593506.318356517	1308.8295086575	0.305396531244983	NA	NA	NA
"18R10_0217"	487023.672639196	2624.95946013226	0.314138555023901	NA	NA	NA
"18R10_0218"	482785.18765966	2550.84379572232	0.310893879531489	NA	NA	NA
"18R10_0220"	487835.988533188	2531.003654612	0.316825228998509	NA	NA	NA
"18R10_0223"	631771.864549722	13104.4621446757	0.0197755321136137	NA	NA	NA
"18R10_0227"	771415.203130769	906.667276836944	0.293857610969422	NA	NA	NA
"18R10_0228"	772786.979036326	721.488021068839	0.296985175032171	NA	NA	NA
"18R10_0229"	586709.112532698	1382.03323179335	0.301552520789005	NA	NA	NA
"18R10_0230"	764182.892632393	711.647667196673	0.296399617883859	NA	NA	NA
"18R10_0232"	564648.894112269	1179.73331259051	0.309702098511984	NA	NA	NA
"18R10_0250"	566169.976576052	1197.98652101382	0.308413872785697	NA	NA	NA
"18R10_0251"	615997.399912075	11475.6354626305	-0.000319411434930791	NA	NA	NA
"18R10_0261"	372730.455960603	11997.0846713536	0.0251144355246943	NA	NA	NA
"ACT18_002"	577550.35372308	4165.55018547373	0.0446789331859444	NA	NA	NA
"ACT18_003"	571885.719583725	4719.97868484765	0.0757341287693653	NA	NA	NA
"ACT18_004"	565967.65592331	6253.92903867501	-0.0821320784155667	NA	NA	NA
"ACT18_010"	636425.415978974	5063.16818360108	-0.0169216788164846	NA	NA	NA
"ACT18_011"	642983.039350881	4943.2854772903	-0.0202007988470321	NA	NA	NA
"ACT18_019"	249802.242290531	6602.89427551595	0.191970667163123	NA	NA	NA
"ACT18_020"	247720.962802803	6438.2783687994	0.224148754689778	NA	NA	NA
"ACT18_022"	402801.295122842	736.978598453224	0.170677053687446	NA	NA	NA
"ACT18_023"	425917.720471331	676.163591775554	0.123253813581796	NA	NA	NA
"ACT18_024"	460987.705343511	637.805403363892	0.0247011010670623	NA	NA	NA
"ACT18_035"	215425.381638293	948.725030826405	0.980902146445405	NA	NA	NA
"ACT18_036"	255934.383793116	865.524580848776	0.850832681536228	NA	NA	NA
"ACT18_037"	321468.9192234	717.32650698785	0.509941976511827	NA	NA	NA
"ACT18_038"	643834.610821559	16229.0574569106	0.0171508583076503	NA	NA	NA
"ACT18_039"	629655.250112018	15078.9780501321	0.0757547954922469	NA	NA	NA
"ACT18_040"	629118.877167721	15056.7088160805	0.0951539593704441	NA	NA	NA
"ACT18_049"	471807.785703353	7626.88825706795	0.815575252300215	NA	NA	NA
"ACT18_050"	469303.140654129	7279.48329904825	0.835869974169948	NA	NA	NA
"ACT18_051"	469802.461050364	7183.54925537508	0.848931343031121	NA	NA	NA
"ACT18_074"	362661.141236353	437.638951550922	0.472087429100359	NA	NA	NA
"ACT18_075"	364118.747278986	508.843435291587	0.467506305528271	NA	NA	NA
"ACT18_076"	360788.40719283	510.469149301614	0.458350947291721	NA	NA	NA
"ACT18_083"	320659.537192414	620.627017958766	0.958485641026494	NA	NA	NA
"ACT18_084"	315736.184201945	698.015932581398	0.93418157491773	NA	NA	NA
"ACT18_085"	321888.076194795	698.667919693888	0.971257675767324	NA	NA	NA
"ACT18_089"	189524.842941692	1014.51794419211	0.693379808808928	NA	NA	NA
"ACT18_090"	186048.554039682	2541.62569661117	0.671886417012062	NA	NA	NA
"ACT18_091"	187737.939721688	1141.77166404442	0.862860714253321	NA	NA	NA
"ACT18_092"	250369.318859411	474.203816318655	0.493133041901458	NA	NA	NA
"ACT18_093"	252087.78094975	449.729605629846	0.493870155017568	NA	NA	NA
"ACT18_095"	248258.60887249	1623.61218524759	0.489647254642094	NA	NA	NA
"ACT18_096"	96149.1292970007	3238.90926298314	0.511009757194043	NA	NA	NA
"ACT18_097"	95942.4105955269	2751.67033910986	0.514337099577981	NA	NA	NA
"ACT18_098"	13535.4950668517	696.396847825184	0.375546277612768	NA	NA	NA
"ACT18_099"	626502.677137461	12165.2837624538	0.44526202280004	NA	NA	NA
"ACT18_100"	623732.973399614	11499.3091896614	0.445406689860211	NA	NA	NA
"ACT18_101"	619780.899073554	10616.8686491919	0.447411361979726	NA	NA	NA
"ACT18_102"	307338.646718925	1641.22566699655	0.50159262046766	NA	NA	NA
"ACT18_103"	307834.740941283	1733.67411247382	0.505092185542278	NA	NA	NA
"ACT18_104"	306158.13765329	1523.40371252616	0.495130825113346	NA	NA	NA
"ACT18_105"	660935.67623552	372.851916963744	0.465005632059597	NA	NA	NA
"ACT18_106"	657128.857302148	369.308138850545	0.443436462278831	NA	NA	NA
"ACT18_107"	670914.430763728	350.955712595171	0.480292118084355	NA	NA	NA
"ACT18_108"	688078.991361651	898.447665034445	0.474023212143603	NA	NA	NA
"ACT18_109"	687842.338196449	842.914184869437	0.469951867735927	NA	NA	NA
"ACT18_112"	684460.234030876	797.880116893152	0.474195434834283	NA	NA	NA
"ACT18_113"	656627.869647077	715.206140155824	0.516355549512751	NA	NA	NA
"ACT18_114"	658089.314286324	654.084530489311	0.51367576444577	NA	NA	NA
"ACT18_115"	655665.028985014	672.726876111431	0.516376216235633	NA	NA	NA
"ACT18_116"	728499.96973218	873.58453812195	0.724042336657599	NA	NA	NA
"ACT18_117"	728667.826761598	844.415600370474	0.681971777778284	NA	NA	NA
"ACT18_118"	728226.03017022	800.585957324413	0.697671598260674	NA	NA	NA
"ACT18_119"	235872.503967467	1599.24765362505	3.74040565248846	NA	NA	NA
"ACT18_121"	757567.406352137	1509.51291830181	0.513186652004239	NA	NA	NA
"ACT18_122"	764685.79878492	1588.15693388097	0.515962881778001	NA	NA	NA
"ACT18_123"	756473.527932057	1432.73426215108	0.505340186216857	NA	NA	NA
"ACT18_124"	665454.438602977	7363.19464520328	0.275533116681068	NA	NA	NA
"ACT18_125"	669100.31174271	6657.76004672671	0.281554021947241	NA	NA	NA
"ACT18_126"	670721.505703153	7246.41159306747	0.266935759962322	NA	NA	NA
"ACT18_270"	565727.058105847	11609.7985377888	-0.077475176859579	NA	NA	NA
"ACT18_271"	850630.138342365	1536.71603079211	0.213126502486257	NA	NA	NA
"ACT18_272"	850370.979642637	1619.60928124028	0.21114938599725	NA	NA	NA
"ACT18_273"	846290.366330278	1575.8588738616	0.213415836606599	NA	NA	NA
"ACT18_274"	764719.195788184	6148.05220567806	0.0355304638570218	NA	NA	NA
"ACT18_275"	757350.298659164	4955.43886331095	0.0557838522809919	NA	NA	NA
"ACT18_276"	760332.431628749	5335.61066674074	0.0447960446156068	NA	NA	NA
"ACT18_303"	541331.069662532	12670.6924203479	0.336789283302137	NA	NA	NA
"ACT18_304"	529700.180153971	16073.2865774195	0.373741383814442	NA	NA	NA
"ACT18_313"	689012.81956911	23316.0914040012	0.155969235903372	NA	NA	NA
"ACT18_316"	663225.573358515	21811.5786333212	-0.0782122899756895	NA	NA	NA
"ACT18_334"	728927.741922962	2090.79159162009	1.50280578828213	NA	NA	NA
"ACT18_335"	734967.975968128	2325.82324899972	1.52890097037397	NA	NA	NA
"ACT18_336"	728007.862149594	2360.40418533374	1.51021136398137	NA	NA	NA
"ACT18_337"	700016.430427027	4179.12192677313	3.22453669373316	NA	NA	NA
"ACT18_338"	693811.810129312	3982.37475007664	3.22882159427728	NA	NA	NA
"ACT18_339"	691727.326090701	3809.79264191547	3.23165293531205	NA	NA	NA
"ACT18_340"	513104.055170267	1275.10330476744	1.4448011860611	NA	NA	NA
"ACT18_341"	511259.464428436	1106.76787806204	1.4157506625972	NA	NA	NA
"ACT18_342"	672132.797462199	1489.10277263834	1.55850949535568	NA	NA	NA
"ACT18_343"	510067.658548695	1401.32053119751	1.42677291480072	NA	NA	NA
"ACT18_344"	660455.042684082	1185.60716293135	1.55316370303697	NA	NA	NA
"ACT18_345"	666974.004139228	1203.63247842718	1.53113986535281	NA	NA	NA
"ACT18_346"	635369.885656195	757.769816698766	1.31938173380029	NA	NA	NA
"ACT18_347"	630243.601420765	1202.77438909256	1.30756036831201	NA	NA	NA
"ACT18_348"	628557.776439833	1362.29848816651	1.30287591112551	NA	NA	NA
"ACT18_349"	623273.545943612	1202.01686042621	1.33388977326317	NA	NA	NA
"ACT18_350"	647318.962927318	731.171261625642	1.55509259717259	NA	NA	NA
"ACT18_351"	620171.630157013	865.020426096312	1.47364504229619	NA	NA	NA
"ACT18_352"	640345.703128097	660.199022743553	1.54145944897836	NA	NA	NA
"ACT18_353"	105.353002213419	393.279741612781	0.324423694111312	NA	NA	NA
"ACT18_354"	689390.632113766	2867.67864272931	2.62346572544464	NA	NA	NA
"ACT18_355"	683005.575008099	3353.61627074182	2.58988918966966	NA	NA	NA
"ACT18_356"	741715.559876425	1355.61663977216	1.69964254591414	NA	NA	NA
"ACT18_357"	729809.863712326	1149.75869952565	1.68259249953682	NA	NA	NA
"ACT18_358"	736890.517495954	1243.1856895691	1.69812698623615	NA	NA	NA
"ACT18_359"	599252.215490099	1043.51418988176	2.01627051827554	NA	NA	NA
"ACT18_360"	598344.24300865	1197.73627035595	1.97558462982929	NA	NA	NA
"ACT18_361"	607720.212935517	1168.85868463599	2.03283834111896	NA	NA	NA
"ACT18_362"	632160.632516845	1192.96543896378	1.66064443983656	NA	NA	NA
"ACT18_363"	611069.776093888	1078.76966653391	1.63803504500408	NA	NA	NA
"ACT18_364"	633538.66765049	1249.60498485211	1.66215311060691	NA	NA	NA
"ACT18_365"	783674.308515279	2137.49422871877	2.95267284313331	NA	NA	NA
"ACT18_366"	789452.682702334	2339.01289691694	2.88728333193592	NA	NA	NA
"ACT18_367"	784471.597456751	4564.37976388129	2.290063263011	NA	NA	NA
"ACT18_368"	560561.189715719	8843.74819149363	1.97258106610383	NA	NA	NA
"ACT18_369"	407131.292396684	9170.11964044546	0.801184324266993	NA	NA	NA
"ACT18_370"	446650.113384379	12908.8251621397	0.547520967618207	NA	NA	NA
"ACT18_418"	528571.862708155	2227.58982390195	0.2211658576872	NA	NA	NA
"ACT18_429"	517461.095375564	2685.83123762774	0.0302328938917044	NA	NA	NA
"ACT18_446"	8829.78488436804	12096.5719744464	0.461974512703629	NA	NA	NA
"ACT18_458"	634029.187372965	17093.439051737	0.178757742334152	NA	NA	NA
"ACT18_459"	124.665879451255	371.14285231525	1.08238953360933	NA	NA	NA
"ACT18_468"	736166.038101365	9242.50394765545	0.149335217858378	NA	NA	NA
"ACT18_469"	743999.697045165	9779.90987330107	0.0566380768267649	NA	NA	NA
"ACT18_470"	725972.240590278	10253.3691213825	-0.0776542884578862	NA	NA	NA
"ACT18_481"	610493.322009208	13965.7783010028	0.224892756713515	NA	NA	NA
"ACT18_482"	613600.007554136	15341.7623611607	0.204790924257344	NA	NA	NA
"ACT18_483"	596335.026101981	14246.4768836758	-0.0582206800415529	NA	NA	NA
"ACT18_503"	189682.581324264	9743.12527141992	0.284778030716771	NA	NA	NA
"ACT18_504"	174629.89194823	8026.32392601466	0.548395858886862	NA	NA	NA
"ACT18_510"	683181.225125428	11083.701498077	0.15813924180594	NA	NA	NA
"ACT18_511"	686240.575415257	10738.8268497886	0.247467707007852	NA	NA	NA
"ACT18_512"	574824.28656395	8122.756242342	0.463097404646862	NA	NA	NA
